0
21.1433 
21.8862 
21.7083 
22.669 
23.5095 
23.6236 
22.0754 
22.67 
22.1314 
22.4122 
21.9991 
23.3524 
23.0545 
23.8672 
24.6588 
23.6332 
22.5498 
22.7944 
22.2094 
24.0972 
23.0697 
21.9308 
22.5865 
22.4238 
22.6364 
20.8728 
22.0297 
23.4042 
21.9694 
22.8664 
22.9402 
21.8184 
25.4708 
22.5644 
22.553 
22.7594 
23.2864 
23.3877 
21.4859 
24.97 
23.8732 
22.9035 
24.204 
22.4197 
22.3055 
23.116 
23.9954 
23.8983 
23.3058 
23.0751 
23.7883 
24.0875 
25.1231 
25.1482 
22.8125 
23.27 
23.724 
23.4177 
21.997 
24.5333 
27.1695 
26.9341 
25.2254 
25.8254 
24.389 
24.7769 
25.3325 
23.958 
22.9802 
23.0477 
24.3233 
24.9428 
23.0069 
22.9528 
22.8678 
22.9385 
25.0564 
24.8082 
23.5992 
23.3764 
23.2423 
24.9919 
25.0178 
26.148 
25.0996 
23.4403 
23.7995 
25.682 
25.1127 
24.2004 
24.7185 
25.9503 
24.1198 
22.575 
23.8749 
23.3124 
24.4079 
23.612 
23.2887 
23.6577 
24.0068 
23.4379 
22.8408 
24.3083 
24.3849 
22.8266 
27.2039 
26.6473 
24.355 
24.0204 
23.1126 
21.6973 
23.9512 
22.8919 
23.947 
23.979 
22.6634 
23.149 
24.7051 
24.0578 
24.4825 
25.5929 
22.8858 
24.1737 
24.0773 
25.1825 
22.7873 
22.9508 
23.5659 
23.5521 
24.6753 
26.4961 
23.9114 
23.4949 
25.0687 
23.4141 
23.9944 
23.5084 
24.0819 
24.9491 
23.9428 
23.7731 
26.3356 
25.077 
24.4569 
23.6554 
24.7544 
26.0862 
24.9739 
24.3501 
24.3973 
25.7873 
26.6734 
24.5857 
23.5436 
23.771 
23.4753 
24.4948 
25.3953 
24.9128 
23.6718 
24.1626 
25.1463 
25.15 
26.4012 
27.1396 
25.5937 
24.9353 
25.9049 
25.1671 
26.433 
26.7729 
25.8354 
26.0233 
27.1485 
26.5296 
26.6691 
25.3811 
25.1484 
26.8899 
24.9738 
26.0533 
26.9295 
26.0772 
25.7661 
25.0118 
24.3809 
26.793 
26.8215 
26.8232 
26.3762 
25.76 
26.8959 
25.7976 
26.239 
25.8867 
27.4658 
28.4661 
25.5962 
24.9363 
25.0827 
25.6264 
24.7279 
24.2377 
26.2858 
26.6101 
24.6942 
24.1153 
25.3501 
24.9449 
24.7436 
24.9902 
27.1801 
26.0591 
24.1415 
25.6715 
25.7347 
24.2864 
25.1339 
25.9135 
27.9098 
28.0783 
26.0669 
26.265 
27.454 
23.5208 
24.9647 
26.9615 
25.0331 
25.457 
23.3796 
24.3392 
27.2803 
26.6147 
26.1973 
25.2392 
26.2514 
26.9585 
28.2104 
28.3541 
26.757 
26.0103 
25.7165 
27.6616 
27.9529 
27.0489 
27.0903 
25.7485 
25.3209 
25.4324 
24.711 
26.1359 
25.5282 
27.1525 
25.8624 
25.1463 
25.1621 
25.6886 
27.4911 
27.1102 
26.8558 
26.2096 
25.6686 
26.0902 
25.8219 
26.7527 
25.6927 
25.2631 
28.0237 
26.9342 
25.6357 
27.4413 
24.8161 
25.08 
24.9451 
26.8637 
28.945 
27.9929 
27.6076 
28.0122 
28.5495 
27.6604 
26.731 
27.1294 
27.0852 
28.4958 
27.5188 
32.3181 
31.7937 
26.4007 
24.3064 
25.6984 
28.5357 
28.6089 
27.6168 
27.3117 
25.8785 
25.8237 
26.9287 
27.4333 
26.9506 
26.3253 
27.9631 
29.4432 
27.3999 
27.6734 
29.0555 
26.8664 
26.389 
29.6212 
29.5651 
26.8615 
30.1606 
27.5295 
27.206 
26.9134 
26.7132 
28.6331 
28.6744 
28.0433 
27.3656 
28.3507 
28.1622 
29.0136 
26.589 
27.5415 
29.4411 
30.1931 
29.2745 
30.0683 
28.1894 
29.3038 
31.0881 
32.9115 
31.6997 
29.7537 
29.9817 
31.7492 
30.0754 
29.6453 
29.3462 
27.7949 
28.427 
26.8433 
28.9514 
28.8698 
29.4381 
30.4521 
31.7231 
30.4152 
30.7892 
34.6878 
31.0447 
30.6679 
32.066 
30.5278 
33.1601 
33.1637 
30.445 
34.931 
35.3235 
30.3008 
31.3605 
29.85 
29.2972 
31.1878 
30.314 
31.6393 
32.3106 
32.608 
33.6608 
32.9467 
31.4484 
33.8497 
29.2091 
30.2352 
30.8051 
28.6693 
29.562 
29.6354 
29.1297 
30.8389 
31.9761 
33.0012 
32.4317 
33.2462 
33.514 
34.1381 
33.8954 
35.4637 
32.0933 
31.6718 
32.3727 
34.5221 
31.398 
32.0123 
32.3078 
31.5615 
31.0093 
29.4587 
30.8853 
36.1932 
37.5141 
30.3795 
31.5218 
30.7481 
30.5399 
31.9543 
30.5022 
31.6421 
33.6617 
32.462 
31.8829 
31.9824 
30.2114 
29.3987 
31.5742 
29.0994 
29.3291 
31.64 
30.0042 
31.3344 
30.441 
30.442 
33.3227 
30.7247 
28.6348 
31.4045 
32.8307 
33.7052 
31.7744 
33.548 
31.9383 
32.8301 
34.1671 
34.3254 
31.8164 
31.2271 
36.2062 
33.2209 
32.6493 
32.2065 
31.4655 
31.9609 
33.6149 
31.4942 
31.7048 
35.3121 
34.8168 
29.6327 
26.9399 
30.7437 
30.5325 
30.2352 
28.5803 
30.6565 
30.3722 
30.1943 
30.6785 
30.5334 
28.0726 
28.5508 
31.5636 
31.0979 
30.1723 
31.4176 
29.2174 
29.5124 
32.1461 
32.0035 
30.0712 
30.502 
29.9781 
30.0551 
29.5917 
30.202 
32.1507 
29.5586 
29.2285 
31.78 
29.5596 
29.8074 
31.1469 
32.86 
28.5931 
26.2996 
27.2942 
30.3779 
27.7481 
29.1616 
29.0261 
29.6378 
29.1564 
28.7135 
29.7857 
28.7091 
28.4942 
29.9488 
30.2971 
30.2236 
28.9071 
30.0024 
29.1102 
30.1098 
30.8838 
30.3675 
29.2667 
29.5082 
28.2403 
29.4598 
31.7903 
30.4265 
29.3065 
32.3429 
33.2626 
29.2144 
29.6345 
29.3321 
30.1308 
30.2794 
28.9441 
27.0355 
28.9497 
29.0144 
27.0011 
26.7767 
26.3527 
27.1874 
28.9234 
27.6068 
28.3632 
27.675 
27.4676 
28.1764 
27.1311 
27.7305 
27.4446 
26.6136 
27.764 
28.2666 
28.6812 
28.1764 
29.6819 
31.3194 
29.3709 
30.0107 
29.8017 
32.8012 
29.3408 
31.3278 
35.0936 
30.669 
28.3427 
27.1313 
29.7593 
31.4231 
31.9804 
30.2612 
30.447 
31.8703 
29.7181 
29.7951 
30.4442 
28.7121 
28.9797 
31.7517 
30.227 
29.7679 
28.4465 
29.2116 
31.1419 
29.1343 
29.9764 
30.278 
31.3368 
30.2607 
28.395 
30.3195 
29.3255 
28.597 
29.3397 
29.6968 
28.9981 
31.0683 
30.2817 
29.1337 
28.2652 
28.4385 
30.8405 
31.0819 
28.1015 
28.2991 
29.1761 
29.3273 
29.5706 
30.0004 
31.0531 
31.2171 
31.4662 
29.868 
30.9212 
31.9851 
30.863 
29.0523 
28.0161 
29.4877 
30.1116 
28.8826 
31.2909 
31.7561 
31.1899 
29.7508 
28.9474 
31.7388 
29.3489 
29.8849 
31.7526 
30.82 
28.8276 
30.8641 
33.279 
32.1441 
35.1244 
32.1274 
29.6976 
28.8819 
31.673 
31.0094 
31.4207 
30.7278 
30.3272 
31.1294 
29.8913 
32.1071 
31.6553 
29.76 
30.1388 
29.7892 
28.0255 
30.11 
29.4604 
30.5029 
30.5116 
32.9605 
31.3304 
32.1127 
31.3005 
30.7239 
31.6867 
30.3229 
30.9283 
29.9689 
29.2738 
28.7286 
29.1428 
30.7871 
30.1959 
30.5755 
30.5483 
32.0634 
29.7801 
27.4971 
31.1644 
31.1334 
28.9245 
29.7554 
30.6114 
28.8089 
29.5643 
34.2132 
33.106 
27.45 
23.8834 
27.4123 
27.5309 
28.4976 
29.0711 
27.3295 
27.4909 
28.128 
27.7603 
29.3417 
27.3175 
28.7446 
30.7183 
29.3684 
30.6616 
30.2039 
29.8905 
31.8531 
28.1742 
28.0481 
30.0906 
28.7906 
28.8048 
30.4677 
32.8496 
33.0676 
32.6703 
31.6006 
29.9066 
32.655 
31.8607 
30.6011 
32.1152 
30.3053 
33.3309 
29.2828 
28.6056 
31.1711 
30.8139 
28.4665 
30.8796 
30.988 
32.7192 
32.5744 
35.5689 
31.5804 
29.1871 
30.534 
30.4857 
27.2658 
29.9624 
31.7818 
31.1968 
31.0364 
28.189 
29.5846 
30.4742 
29.955 
28.151 
29.8602 
30.4289 
30.6308 
32.5837 
33.6673 
29.3222 
27.5045 
28.805 
26.7384 
28.1628 
29.9071 
29.4518 
31.4811 
29.0384 
29.4558 
31.0325 
30.66 
27.6414 
29.5932 
29.1245 
28.2829 
28.1322 
27.6182 
28.8061 
30.7662 
28.7485 
28.8659 
28.2824 
28.7431 
28.0082 
26.2621 
27.4226 
28.161 
28.362 
28.833 
30.4507 
28.2279 
25.8202 
26.8506 
27.1758 
26.2826 
28.2254 
29.9029 
29.8857 
29.6544 
29.9189 
31.2078 
29.7718 
28.4547 
28.9426 
30.3897 
29.4289 
28.2915 
29.5025 
27.6758 
27.5246 
27.9624 
28.4969 
31.6002 
30.8858 
29.672 
28.4465 
29.8146 
29.1439 
25.3031 
28.9168 
29.3525 
28.5129 
29.6507 
29.2909 
28.125 
26.7033 
27.9206 
28.2005 
30.7665 
30.4768 
30.6866 
29.8113 
27.2295 
27.3009 
27.6637 
28.4692 
32.2705 
31.644 
27.3088 
27.4215 
28.025 
33.5139 
