   1.4210855e-14   0.0000000e+00   0.0000000e+00   0.0000000e+00   0.0000000e+00   0.0000000e+00
   2.7070564e-03   8.2074871e-02   6.3969731e-02  -9.9660909e-04   6.4739302e-05   3.6789218e-04
   9.6650919e-03   1.4928736e-01   5.4642891e-02  -1.3350187e-03  -2.4828125e-04   1.3744834e-04
  -8.4696022e-03  -1.7516835e-02   6.8646996e-04  -2.5100228e-04   1.3267313e-04   1.6201753e-04
   1.7033436e-02   9.1854553e-02   1.1116200e-01  -1.3387947e-03  -5.7782411e-05  -1.7742564e-04
   5.6868380e-03   7.4271762e-02   6.8111707e-02  -1.3647415e-03  -2.8862918e-05  -7.0609019e-05
   3.0275164e-03  -8.6891624e-02   6.3887268e-02  -1.3983097e-04   7.1105772e-05   1.7470425e-04
   1.8948115e-02   4.0087465e-02   1.4578675e-01  -1.2266923e-03  -1.9315364e-05   3.9330881e-06
  -1.1742177e-03   5.1092037e-02   1.0372912e-01  -1.5077522e-03   6.8181123e-05   1.8120678e-04
  -1.2548615e-02  -9.9579213e-02   6.6917280e-02  -3.4177880e-04   4.1970824e-04   3.6036860e-04
   2.4650673e-02   1.1050172e-01   1.3109162e-01  -1.6915367e-03  -1.9612963e-04   4.4043137e-04
   7.7948922e-03   4.0807538e-02   2.7000619e-02  -1.0492794e-03   1.3296968e-04   7.2295001e-04
   2.8808920e-03  -9.4067047e-03   3.9663357e-02  -4.9312736e-04   4.5868268e-04   4.6691271e-04
   2.4189100e-03   1.6664983e-01   7.4631864e-02  -1.9887684e-03   4.5773637e-04   3.7108144e-04
   9.3782475e-04  -9.8104064e-03   1.0518733e-02  -4.3499061e-04   4.6549238e-04   4.6488586e-04
   9.4302503e-03   1.6242868e-01   1.2524618e-01  -2.0557091e-03   3.5372235e-04   3.5886540e-04
   2.4900149e-03   4.2060707e-02   6.0181563e-02  -7.3501360e-04   3.0411511e-04   3.7182684e-04
  -7.4287190e-03   1.1461066e-02   1.0215411e-01  -6.6619437e-04   6.3768419e-04   1.3632747e-04
  -4.3116961e-03   1.5189226e-01   1.2152831e-01  -1.8150018e-03   5.1526910e-04   2.8451426e-04
  -1.2907642e-02  -2.5513608e-02   3.2364939e-02  -1.5388231e-04   5.9856452e-04   1.1870252e-04
  -1.5850692e-02   1.7536568e-01   1.0788953e-01  -2.0346375e-03   8.1506996e-04   2.4450965e-05
  -9.6031959e-03   7.1830547e-02   3.3968482e-02  -9.4267569e-04   5.3474226e-04   3.2076003e-04
  -1.2222778e-02   1.1918709e-01   8.2997722e-02  -1.2119544e-03   7.1187531e-04   8.1023423e-05
  -2.4921713e-02   1.5076629e-01   6.7458795e-02  -1.6074148e-03   6.4258996e-04   6.7620695e-05
  -1.1234488e-02   4.6043394e-03   4.7295486e-02  -3.7248148e-04   3.6244067e-04   1.6842724e-04
  -1.0960171e-02   2.2029182e-01   1.2573829e-01  -2.2943566e-03   5.0050427e-04  -2.5807993e-05
  -1.5249570e-02   2.1406164e-01   7.3621122e-02  -1.9062530e-03   3.7124279e-04   3.4601873e-04
  -1.6503710e-02   1.2990877e-01   8.1148948e-02  -1.1139971e-03   4.7757757e-04   7.7915106e-05
  -2.4003899e-02   3.4394841e-01   1.4406496e-01  -2.4721933e-03   7.2604696e-04   2.9991417e-04
  -6.3541547e-03   2.3929628e-01   9.0243359e-02  -1.5511479e-03   6.3625414e-04   9.9771337e-04
   4.2817557e-03   2.8897936e-01   1.1462894e-01  -1.3956045e-03   1.8566805e-04   9.6498549e-04
  -1.4159742e-02   3.4471111e-01   1.3043232e-01  -1.8794146e-03   4.8817856e-04   7.8720502e-04
   9.7699756e-03   4.2938866e-01   1.6597319e-01  -2.4371773e-03   7.9188826e-05   1.0909639e-03
   1.2906552e-02   2.9932267e-01   1.1399214e-01  -1.4275123e-03  -1.5551734e-04   1.3384593e-03
   5.0576546e-03   2.0024821e-01   1.0620700e-01  -6.7855230e-04   1.8537025e-04   9.4319975e-04
  -1.7722231e-02   3.1285106e-01   1.0418116e-01  -1.3472294e-03   4.8306139e-04   7.1630486e-04
  -1.6037341e-02   2.8993504e-01   9.6894210e-02  -1.0742614e-03   5.7565364e-04   5.5683286e-04
   2.6254778e-03   3.6196899e-01   1.5716438e-01  -1.9664944e-03   1.1950565e-04   3.6514450e-04
   8.3381034e-03   3.3694631e-01   1.8979118e-01  -1.9904350e-03   1.1838413e-04   5.5402728e-04
   8.8435400e-03   1.6360530e-01   9.4229626e-02  -7.3260221e-04   1.5240752e-04   5.5727737e-04
   3.4500077e-02   2.8710231e-01   1.6341910e-01  -1.6185218e-03   3.0522884e-04   7.8507303e-04
   2.7014246e-02   2.9253678e-01   1.1328814e-01  -1.6320561e-03   6.0912589e-04   1.0832169e-03
   2.1758878e-02   1.9256171e-01   1.3214324e-01  -7.5131901e-04   5.8247804e-04   5.7012497e-04
   4.3724379e-03   3.2727283e-01   1.6867692e-01  -2.2122265e-03   8.3582672e-04   5.6579394e-04
   8.8390699e-03   1.5763008e-01   1.1932741e-01  -6.8304842e-04   5.9170257e-04   4.5950421e-04
   8.0019101e-03   3.3122146e-01   2.1650258e-01  -2.4878976e-03   4.0499491e-04   1.8422740e-04
   5.5618048e-03   1.8963676e-01   1.3537227e-01  -1.4070054e-03   2.9668591e-04   4.9355873e-04
   8.9263935e-03   3.0145602e-01   2.0642671e-01  -2.2783359e-03   3.2789724e-04   3.0028688e-04
  -5.1312911e-03   3.1166946e-01   1.3964534e-01  -2.2136596e-03   4.3999532e-04   3.2207706e-04
   7.8522381e-04   2.5837969e-01   1.6885631e-01  -1.6573274e-03   3.1467147e-04   2.4080606e-04
  -5.9072596e-03   3.8805812e-01   1.7442514e-01  -2.7142937e-03   5.2058573e-04   2.3146880e-04
  -5.1918827e-03   2.0822209e-01   8.0655563e-02  -1.0844661e-03   5.7801369e-04   1.4745567e-04
  -4.8927897e-03   4.0317066e-01   2.1747104e-01  -2.8083639e-03   5.3376204e-04  -4.3927904e-06
  -1.9340388e-03   2.5820862e-01   1.0565919e-01  -1.4172016e-03   2.2540814e-04   7.0128940e-06
  -1.0999247e-02   3.1024753e-01   1.8656230e-01  -1.9179540e-03   5.9890998e-04  -9.1474604e-05
  -1.1065670e-02   3.9128965e-01   2.0995422e-01  -2.5942694e-03   5.2519105e-04   9.4100817e-05
  -1.4075019e-03   2.5437157e-01   1.4010720e-01  -1.5134989e-03   2.6329285e-04   1.5533808e-05
   5.4593538e-03   4.0149324e-01   2.3580328e-01  -2.7292479e-03   3.0237136e-04  -1.0617775e-04
  -1.4261845e-02   3.9392968e-01   1.7031602e-01  -2.4949006e-03   5.1393070e-04   2.4506498e-04
  -1.5337114e-03   2.6095356e-01   1.1572620e-01  -1.3100533e-03   1.1311680e-04   5.6515513e-05
   6.2242352e-03   4.2805096e-01   2.0374428e-01  -1.9490627e-03   4.7990894e-05   2.5243710e-04
  -1.3565083e-02   3.6802808e-01   1.4485237e-01  -1.8057882e-03   4.2091339e-05   2.4405641e-04
  -1.9377091e-03   2.5579345e-01   3.7247789e-02   1.4584280e-04  -1.2551614e-04   5.4140173e-04
  -3.0798697e-02   4.8888365e-01   1.6875078e-01  -1.7773136e-03   5.4762237e-05   1.2060259e-03
  -3.3086753e-02   5.6476393e-01   1.5841791e-01  -2.4874558e-03   6.1443075e-05   1.6400789e-03
  -1.4606536e-02   3.8721595e-01   1.5698201e-01  -9.3709502e-04   3.1321288e-04   1.5615459e-03
  -1.3910039e-02   4.8900734e-01   2.5458627e-01  -2.2104034e-03   3.6942742e-04   1.1036644e-03
  -3.1361398e-02   3.6929921e-01   1.7821493e-01  -1.4232036e-03   4.4946743e-04   1.4514637e-03
  -1.6412717e-02   3.1631591e-01   2.4179691e-01  -1.3132055e-03   1.4771376e-04   1.2338212e-03
  -3.4300161e-02   4.4616144e-01   2.3654117e-01  -2.1750413e-03   5.1034541e-04   1.3366290e-03
  -3.0831251e-02   3.0769617e-01   1.7336028e-01  -1.3126107e-03   3.5980947e-04   1.1163110e-03
  -2.9766073e-02   4.8883274e-01   2.5584655e-01  -3.0233999e-03   4.0009907e-04   1.0870317e-03
  -3.3625856e-02   3.8483335e-01   1.5235050e-01  -2.0652754e-03   6.2136410e-04   1.2110803e-03
  -3.5931909e-02   3.7021331e-01   1.7752785e-01  -1.8374466e-03   6.6655488e-04   9.7671475e-04
  -2.9501130e-02   4.9368830e-01   2.3759391e-01  -2.9403861e-03   5.7582651e-04   9.6776683e-04
  -3.9864114e-02   4.3640520e-01   2.0354173e-01  -2.5525154e-03   7.1506093e-04   1.2668817e-03
  -2.8718284e-02   3.3745711e-01   1.5399599e-01  -1.6639019e-03   5.4000020e-04   1.0239722e-03
  -3.6939592e-02   4.3975090e-01   1.9586096e-01  -2.3363710e-03   7.2957239e-04   8.9740727e-04
  -3.4534226e-02   5.6204458e-01   2.2549122e-01  -3.3504698e-03   6.6924215e-04   9.6165224e-04
  -1.8672399e-02   4.2989925e-01   1.6517280e-01  -2.2217992e-03   3.8283692e-04   1.1835244e-03
  -1.9635641e-02   3.7106581e-01   1.8757718e-01  -1.6426301e-03   2.5879400e-04   8.8743800e-04
  -2.4127874e-02   5.3263272e-01   2.3045380e-01  -2.7458729e-03   5.2009113e-04   1.1700958e-03
  -3.1302207e-02   3.3498399e-01   1.4461479e-01  -1.3613798e-03   7.2459728e-04   1.0662719e-03
  -1.5865950e-02   5.0841338e-01   2.5463818e-01  -3.0031607e-03   5.4330913e-04   6.9376374e-04
  -4.3990694e-02   4.4668616e-01   1.6156793e-01  -2.4190622e-03   1.0158640e-03   1.0754245e-03
  -2.4837184e-02   3.9415138e-01   2.0340475e-01  -2.3513049e-03   9.4669993e-04   8.6601880e-04
  -1.3993048e-02   5.3881726e-01   2.2600212e-01  -3.4679357e-03   6.6367208e-04   8.5190998e-04
  -1.5475178e-02   3.2665140e-01   1.4922008e-01  -1.9097959e-03   5.5656167e-04   9.3615517e-04
  -1.3780279e-02   4.7560311e-01   2.4921947e-01  -3.0794675e-03   4.0376245e-04   7.4373754e-04
  -7.0157778e-03   5.1128912e-01   1.7031379e-01  -3.2334125e-03   2.0632261e-04   1.0067164e-03
  -3.7145319e-02   3.6777645e-01   1.3470729e-01  -2.0483499e-03   6.6698515e-04   6.1672750e-04
  -2.2968639e-02   5.5488705e-01   2.3379517e-01  -3.7278988e-03   4.8526590e-04   5.4002158e-04
  -3.4062292e-02   3.7104085e-01   1.2991203e-01  -2.4615049e-03   5.7301970e-04   8.3223752e-04
  -2.1431432e-02   3.9429663e-01   2.0703938e-01  -2.8977772e-03   2.6950141e-04   3.1563056e-04
  -1.5100223e-02   5.0324855e-01   2.2131297e-01  -3.7233742e-03   3.0630530e-04   4.7773663e-04
  -2.4639016e-02   3.0284813e-01   1.5108914e-01  -2.1548305e-03   4.2431317e-04   6.6439157e-04
  -1.7497098e-02   4.8258053e-01   2.5729362e-01  -3.5493332e-03   3.6705192e-04   3.2891339e-04
  -2.1204171e-02   3.4607537e-01   1.5483371e-01  -2.4821443e-03   2.5612282e-04   5.4337934e-04
  -2.4906400e-02   3.1504415e-01   2.1372489e-01  -2.5108114e-03   3.2909929e-04   4.4768489e-04
  -1.0026922e-02   4.6125008e-01   2.5113899e-01  -3.7555965e-03   1.6329926e-04   2.2473837e-04
  -9.1458975e-03   2.8055674e-01   1.6362568e-01  -2.3548246e-03   1.4933844e-04   5.8245676e-04
  -4.4410093e-03   4.3372432e-01   2.6318247e-01  -3.6018201e-03   1.2986288e-04   2.7554358e-04
  -1.4852401e-02   4.4164741e-01   1.9780401e-01  -3.4896204e-03   3.2414761e-04   5.8229995e-04
  -1.1124875e-02   2.9515140e-01   1.3980880e-01  -2.0316859e-03   2.0047860e-04   5.9737678e-04
  -1.0856811e-02   4.9768343e-01   2.1734125e-01  -3.5913291e-03   2.6240959e-04   4.0503876e-04
  -1.3127120e-02   4.7930988e-01   1.5630115e-01  -3.4260986e-03   2.6217210e-04   7.0941010e-04
  -6.5970339e-03   3.4144454e-01   1.1056027e-01  -2.2933904e-03   1.4664149e-04   5.1244760e-04
  -4.4004940e-03   4.6386377e-01   1.8037850e-01  -3.0302034e-03   1.7059194e-04   4.0936638e-04
   6.7257306e-03   5.6171349e-01   1.9894958e-01  -3.5612843e-03  -7.5742894e-05   5.8168054e-04
   9.7401673e-03   3.6029076e-01   1.5040780e-01  -1.8976335e-03  -4.8357574e-05   6.6528737e-04
   1.1353699e-02   4.6522013e-01   2.2526666e-01  -3.1252398e-03   1.0641365e-04   4.9692189e-04
  -1.9169553e-03   5.0398768e-01   1.9442456e-01  -3.1603713e-03   3.7907332e-04   9.0089549e-04
   1.4644277e-02   3.4876529e-01   1.6136411e-01  -2.0772286e-03  -2.9751670e-05   6.4509961e-04
  -5.0065486e-03   5.3392275e-01   2.3519361e-01  -3.9509963e-03   4.5485294e-04   3.8472224e-04
  -7.8674421e-03   4.0546638e-01   1.5062176e-01  -2.8825228e-03   2.8593475e-04   6.0815370e-04
   7.1159370e-03   4.4760378e-01   2.1464836e-01  -3.0698721e-03   1.2336419e-04   1.5154579e-04
  -1.1643864e-02   5.0475631e-01   2.2219204e-01  -3.7885585e-03   3.5755201e-04   3.0512498e-04
  -8.7620266e-03   3.5882067e-01   1.8382410e-01  -2.3317699e-03   2.1005521e-04   4.4562692e-04
  -1.9560573e-02   5.7252308e-01   2.3627027e-01  -4.1124876e-03   5.1318142e-04   2.7094248e-04
  -2.6564395e-02   4.2252433e-01   1.3923538e-01  -2.9311111e-03   6.0433223e-04   5.2700096e-04
  -1.6679155e-02   4.8459177e-01   2.1556505e-01  -3.4165353e-03   6.1152954e-04   3.7035254e-04
  -1.1728457e-02   5.2542770e-01   1.8561987e-01  -3.6625507e-03   5.2551769e-04   4.8404415e-04
  -2.3282582e-02   3.6279018e-01   1.6181346e-01  -2.5200976e-03   5.7433734e-04   2.0746504e-04
  -9.5994166e-04   5.7890846e-01   2.5444538e-01  -4.3737394e-03   1.2066995e-04   2.3614301e-04
  -2.3365921e-03   4.7952838e-01   2.0162846e-01  -3.4286971e-03   4.3983613e-04   6.1715301e-04
   3.3780918e-03   3.1817269e-01   1.5915407e-01  -2.2365062e-03   3.6332969e-04   6.4326036e-04
   1.8552628e-02   4.6083041e-01   2.4689563e-01  -3.3462311e-03   2.3008683e-05   6.5242882e-04
   3.9281204e-03   5.6469251e-01   2.2906791e-01  -4.1533043e-03   4.3338277e-04   8.7868397e-04
   1.3612840e-02   4.1284603e-01   1.6157160e-01  -2.7864295e-03   5.5523528e-04   9.1208943e-04
   1.9892096e-02   3.8912626e-01   1.5422844e-01  -2.3399990e-03   6.5137524e-04   7.4483897e-04
   2.5092350e-02   5.9907635e-01   2.3078658e-01  -3.9784992e-03   6.1610038e-04   7.2420119e-04
   3.4488395e-02   4.6714413e-01   1.3413398e-01  -2.9621025e-03   3.9132630e-04   1.0781014e-03
   1.6353906e-02   4.5932018e-01   2.0289765e-01  -3.2435756e-03   7.7669105e-04   8.2474294e-04
   1.3813279e-02   5.6317380e-01   2.0806899e-01  -3.9040133e-03   6.6441439e-04   1.0083030e-03
   2.2110285e-02   3.5176580e-01   1.5066602e-01  -2.2990227e-03   4.7425488e-04   6.1107007e-04
   1.2958832e-02   5.5109529e-01   2.6528555e-01  -4.5089264e-03   5.1782995e-04   6.9453124e-04
   1.6351779e-02   3.5436320e-01   1.5241281e-01  -2.4113436e-03   3.9581201e-04   9.6090046e-04
   8.4849730e-03   5.2028219e-01   2.6246324e-01  -4.1170410e-03   5.5716568e-04   6.1690861e-04
   9.3849415e-03   4.4181972e-01   1.8436986e-01  -3.3952493e-03   3.4010166e-04   1.0337326e-03
   2.2598309e-02   3.7142081e-01   1.4394928e-01  -2.4865234e-03   1.7642466e-04   5.0666986e-04
  -5.6851701e-04   5.6984348e-01   2.4977981e-01  -4.2254634e-03   7.3435286e-04   4.9873628e-04
   1.5006734e-02   5.2205404e-01   2.0707490e-01  -3.7938827e-03   3.5774901e-04   8.8202144e-04
   2.8732698e-02   3.4666774e-01   1.3491500e-01  -2.0310561e-03   1.3619711e-04   6.8021122e-04
   1.7016455e-02   6.1607976e-01   2.6401801e-01  -4.4826140e-03   5.7822200e-04   6.8159316e-04
   3.4613406e-02   4.7928862e-01   1.4214262e-01  -3.0117273e-03   9.7542867e-06   9.1751482e-04
   3.3699247e-02   4.8467507e-01   1.9960462e-01  -2.6055957e-03  -5.6518973e-05   7.8312125e-04
   4.2820434e-02   6.0952304e-01   2.7538473e-01  -3.7246131e-03  -1.3758263e-04   1.0246875e-03
   4.3799887e-02   4.7530234e-01   1.8747189e-01  -2.6231145e-03   7.4792333e-05   1.3187562e-03
   4.1334819e-02   4.2154672e-01   1.4705779e-01  -2.0446977e-03   7.7045117e-05   9.9594130e-04
   3.3314717e-02   6.0925551e-01   2.5595848e-01  -3.5617924e-03   2.2568831e-04   1.1395574e-03
   3.0529467e-02   5.5969327e-01   1.9125585e-01  -3.0395951e-03   1.4906230e-04   1.6148903e-03
   2.9459952e-02   4.2533884e-01   1.0268800e-01  -2.0709214e-03   1.4223790e-04   1.3119784e-03
   3.5107365e-02   5.0006401e-01   1.3777009e-01  -2.1812018e-03   2.0243332e-05   1.2013744e-03
   2.8571607e-02   6.4309439e-01   2.4911505e-01  -3.8277666e-03   2.0267173e-04   1.1426720e-03
   3.3558725e-02   4.8883566e-01   1.6971545e-01  -2.4048531e-03  -3.5934358e-05   1.5294745e-03
   3.0866540e-02   4.7192963e-01   1.9520582e-01  -2.0619338e-03  -9.1185984e-07   1.0833028e-03
   1.0206683e-02   6.0762293e-01   2.4205967e-01  -3.7092255e-03   2.3017558e-04   1.2072634e-03
   1.4507383e-02   4.3520686e-01   1.7744809e-01  -2.1162815e-03   5.0563900e-05   1.0996414e-03
  -4.7983426e-03   5.6338932e-01   2.6148155e-01  -3.2789065e-03   3.8863915e-04   1.1711610e-03
   3.0495573e-02   4.3887534e-01   1.3102494e-01  -1.8310079e-03  -2.6782549e-04   1.2369302e-03
   1.4462964e-02   5.3429850e-01   2.4340349e-01  -2.9766618e-03   1.6285289e-04   1.0296582e-03
   1.9000944e-02   6.1889458e-01   2.5599189e-01  -3.5465461e-03  -1.3320121e-05   1.3429501e-03
   9.0189827e-03   4.5915138e-01   1.5512587e-01  -1.9664676e-03   2.2681511e-04   1.3881659e-03
   2.3400025e-02   4.7342880e-01   1.7266500e-01  -2.1797844e-03  -6.6636026e-05   1.2757395e-03
   1.1620645e-02   6.7052686e-01   2.4660942e-01  -3.8088956e-03   1.0710836e-04   1.3050056e-03
  -2.7284110e-03   4.5153102e-01   1.1628416e-01  -2.0435338e-03   4.8157071e-04   1.4280177e-03
   2.4353594e-02   5.4705290e-01   2.1105761e-01  -2.8668420e-03  -2.6857489e-05   1.0289051e-03
   1.1676768e-02   5.8915121e-01   2.3418047e-01  -3.4830905e-03   1.8716066e-04   1.3607431e-03
   1.8791397e-02   4.1871930e-01   1.5643899e-01  -1.8033339e-03  -2.5695243e-04   1.2369155e-03
   2.4672477e-02   5.9628906e-01   3.0573181e-01  -3.2175049e-03  -1.8764223e-04   9.8263880e-04
   3.7463935e-02   5.5814604e-01   2.3578533e-01  -3.0941246e-03  -4.2040478e-04   1.5359855e-03
   2.0322056e-02   4.2994000e-01   1.4463261e-01  -1.6064817e-03  -1.6830610e-05   1.2242688e-03
   3.5698772e-02   6.7730406e-01   2.7567434e-01  -3.9006357e-03  -2.7214321e-04   1.3260091e-03
   2.8277908e-02   5.6151015e-01   1.4282271e-01  -2.6595958e-03  -1.2575001e-04   1.5332950e-03
   1.9204520e-02   5.6206299e-01   1.7102132e-01  -2.7840169e-03   2.1618974e-04   1.2346669e-03
   3.0018343e-02   6.6616738e-01   2.0670723e-01  -3.1992741e-03   7.2959979e-05   1.3757326e-03
   4.5331567e-02   4.7954611e-01   1.1508893e-01  -1.5838494e-03  -1.0316598e-04   1.5299782e-03
   4.9071944e-02   6.1387241e-01   2.3938839e-01  -2.8466506e-03  -1.1657994e-04   1.3922330e-03
   3.2227396e-02   6.5801860e-01   2.6734362e-01  -3.3989515e-03   1.6818897e-04   1.6045039e-03
   4.6280075e-02   4.7270556e-01   1.4132409e-01  -1.7494139e-03  -1.5724643e-04   1.6310939e-03
   2.3208923e-02   6.3909698e-01   2.5048930e-01  -2.6247765e-03   4.6407469e-06   1.3583304e-03
   3.9776928e-02   6.6256370e-01   2.2854995e-01  -2.4896221e-03  -3.3555556e-04   1.7260411e-03
   3.7320352e-02   5.1724483e-01   1.2353965e-01  -1.0821454e-03  -1.1311970e-04   1.7149343e-03
   4.6448353e-02   6.9197681e-01   2.7393389e-01  -2.7133585e-03  -3.2234387e-04   1.6938435e-03
   5.1513099e-02   5.8309993e-01   1.9446950e-01  -1.6567223e-03  -4.8590793e-04   1.9465338e-03
   4.5074443e-02   5.7622589e-01   1.7389798e-01  -1.5618623e-03  -6.3871521e-04   1.6264045e-03
   3.8371556e-02   6.8843794e-01   2.8347566e-01  -2.6833519e-03  -3.0219321e-04   1.8746800e-03
   5.4175581e-02   6.7813006e-01   1.8732853e-01  -2.6818288e-03  -4.8656981e-04   2.2932002e-03
   4.9464909e-02   7.7844887e-01   2.0508463e-01  -3.5379067e-03  -3.9926964e-04   2.1320362e-03
   3.4853492e-02   8.7511825e-01   2.9338179e-01  -4.8262655e-03  -4.4672132e-04   2.2962606e-03
   3.4051028e-02   7.4479581e-01   1.5263767e-01  -3.8429685e-03  -2.0011998e-04   2.1779799e-03
   4.0970228e-02   8.6212984e-01   2.6111230e-01  -4.8418874e-03  -2.3696494e-04   2.0092739e-03
   3.1868152e-02   8.7918638e-01   2.5494008e-01  -4.8176410e-03  -1.3791670e-04   2.0988117e-03
   3.7330645e-02   6.8378794e-01   1.4456961e-01  -2.9070721e-03  -2.4013848e-04   1.9770042e-03
   4.2076505e-02   8.0989012e-01   2.3584803e-01  -3.9054072e-03  -2.2854799e-04   1.7815938e-03
   2.1276559e-02   8.4924550e-01   2.1217742e-01  -4.1347668e-03   1.0196834e-04   2.0075781e-03
   3.2808606e-02   6.5359113e-01   1.4663344e-01  -2.3795987e-03  -2.4815740e-04   1.6358009e-03
   2.6703764e-02   8.5376201e-01   2.7926226e-01  -4.1402745e-03  -1.8117430e-04   1.6076286e-03
   4.1850581e-02   6.6037653e-01   1.8724573e-01  -2.7171602e-03  -4.9914386e-04   1.4862804e-03
   3.1717935e-02   7.3276051e-01   2.8983043e-01  -3.5814184e-03  -2.5915968e-04   1.4020563e-03
   3.4551919e-02   6.8240657e-01   2.3438473e-01  -3.2094024e-03  -4.3985742e-04   1.5596608e-03
   4.4918999e-02   5.3741620e-01   1.8592822e-01  -1.8323803e-03  -6.3772838e-04   1.4534145e-03
   4.2598535e-02   7.3346947e-01   3.1161097e-01  -3.6299067e-03  -2.9444539e-04   1.2946129e-03
   3.3824894e-02   7.3121795e-01   2.9179704e-01  -3.7491593e-03  -1.3991299e-05   1.6485312e-03
   4.0260315e-02   5.7349222e-01   1.8655071e-01  -1.9895677e-03  -2.9882243e-04   1.5622984e-03
   4.9801777e-02   7.4177481e-01   3.2921997e-01  -3.4628233e-03  -5.0300924e-04   1.4171759e-03
   2.2783941e-02   7.1213527e-01   2.6832422e-01  -3.1736384e-03   1.0077460e-04   1.9043123e-03
   3.4623385e-02   6.4512655e-01   2.3334678e-01  -2.4345447e-03  -1.0547083e-04   1.7973485e-03
   3.5275275e-02   8.3551715e-01   3.7420919e-01  -4.1307767e-03   5.4301942e-05   1.6726913e-03
   3.2184641e-02   7.1891915e-01   2.7687218e-01  -3.1122149e-03   1.8046513e-04   2.1311817e-03
   5.0934016e-02   6.5675626e-01   2.5510793e-01  -2.4908139e-03  -2.3748179e-04   1.9192216e-03
   3.5569337e-02   8.1591266e-01   3.5084885e-01  -3.5343833e-03  -1.7718306e-04   1.8653087e-03
   3.7042863e-02   6.9441026e-01   2.3440635e-01  -2.4975811e-03  -3.5136485e-04   2.1680872e-03
   4.3513177e-02   7.9199908e-01   3.1273503e-01  -3.2092770e-03  -3.0862963e-04   1.7446383e-03
   4.8452959e-02   7.9746592e-01   3.1610079e-01  -3.1959034e-03  -2.4167386e-04   2.1281209e-03
   5.2655496e-02   7.0128273e-01   2.5992975e-01  -2.2993568e-03  -3.0488222e-04   2.3361311e-03
   5.4326270e-02   7.6587095e-01   2.9517450e-01  -3.1176633e-03  -2.6502503e-04   1.9495221e-03
   5.1118234e-02   9.0229237e-01   3.4075892e-01  -4.3469457e-03  -3.3121677e-04   2.0547601e-03
   4.7992190e-02   7.3968816e-01   2.2239690e-01  -2.9289274e-03  -4.2902984e-04   2.1775775e-03
   4.4830539e-02   7.2079658e-01   1.8382109e-01  -2.7070828e-03  -1.5036555e-04   1.9793692e-03
   4.7317952e-02   8.7715227e-01   2.6356263e-01  -3.8374162e-03  -4.0635668e-04   1.8578488e-03
   2.7511334e-02   8.9848053e-01   2.3914558e-01  -4.2049861e-03  -1.8809830e-04   1.9588410e-03
   1.4744899e-02   6.5019507e-01   1.8213417e-01  -2.1667530e-03  -1.4627871e-04   1.7876183e-03
   1.3845570e-02   8.3864482e-01   3.1985643e-01  -3.9837939e-03  -6.6939432e-04   1.3196094e-03
   1.1617756e-02   7.2718357e-01   2.3305343e-01  -2.8197765e-03  -5.3768347e-04   1.6021801e-03
   1.2138467e-03   6.4211087e-01   2.8513103e-01  -2.5296889e-03  -3.6433488e-04   1.0660061e-03
  -8.7136046e-03   7.8472402e-01   3.3654924e-01  -3.7562641e-03  -2.8231257e-04   1.3475033e-03
  -1.1579085e-03   6.0904227e-01   2.6468072e-01  -2.2091123e-03  -6.6442289e-04   1.2785522e-03
  -6.0706541e-03   7.5645415e-01   3.6977090e-01  -3.5396946e-03  -3.9789371e-04   1.2459629e-03
  -7.1065709e-04   6.1122668e-01   2.6517801e-01  -1.9496704e-03  -4.9279176e-04   1.4797567e-03
   3.9026297e-03   7.1844707e-01   3.8236470e-01  -3.4533147e-03  -3.0648536e-04   1.2458243e-03
   1.9426213e-03   7.4346117e-01   3.7276706e-01  -3.3982710e-03  -3.7953799e-04   1.4700724e-03
   9.1793421e-06   6.1494981e-01   2.8666118e-01  -2.1700658e-03  -3.9995581e-04   1.3850376e-03
  -3.6418366e-03   8.1473909e-01   3.8117177e-01  -3.8535809e-03  -1.9488039e-04   1.3215865e-03
   1.1874759e-02   6.6780460e-01   2.4561552e-01  -2.4304694e-03  -5.1992101e-04   1.3328017e-03
   2.8177336e-03   7.3550787e-01   3.1685760e-01  -3.0357373e-03  -2.2484142e-04   1.0867759e-03
   3.6731703e-03   8.1146144e-01   3.0978343e-01  -3.5719759e-03  -2.6077956e-04   1.4758316e-03
   1.2394285e-02   6.0183948e-01   2.3444646e-01  -1.5404932e-03  -7.3358795e-04   9.7670404e-04
   1.8105228e-04   8.4429948e-01   3.7830157e-01  -3.9241654e-03  -4.3118700e-04   8.9653807e-04
   6.1540445e-03   6.1549554e-01   2.4614837e-01  -1.8805647e-03  -8.0842154e-04   8.2876880e-04
   1.2045287e-03   7.5473130e-01   3.7878962e-01  -3.4255838e-03  -6.7770449e-04   7.5417875e-04
   4.3598717e-03   6.5828144e-01   2.3552463e-01  -2.2814382e-03  -8.3024886e-04   7.7548832e-04
  -1.8187407e-02   7.0249630e-01   2.9618246e-01  -2.8796494e-03  -5.0898230e-04   3.9885218e-04
  -2.1983241e-02   7.5892423e-01   2.4771679e-01  -3.2360810e-03  -5.2343358e-04   5.0047382e-04
   8.9174247e-03   6.3966744e-01   2.2757013e-01  -2.2159894e-03  -1.2130302e-03   1.0216885e-04
  -1.5371222e-02   8.0472267e-01   2.9830561e-01  -3.5539911e-03  -9.2608005e-04   4.7046897e-04
  -4.9240244e-03   5.8994359e-01   2.1824611e-01  -1.7358318e-03  -1.2696130e-03  -2.2630719e-04
  -2.0958993e-02   7.9034281e-01   3.3455183e-01  -3.8095215e-03  -9.3489268e-04  -5.2520053e-05
  -7.7611653e-03   5.8090389e-01   2.0390045e-01  -1.5806295e-03  -1.4374385e-03  -3.5330908e-05
   8.9448337e-03   7.1625463e-01   3.2360536e-01  -3.1058087e-03  -1.7413057e-03  -3.0919416e-04
   1.4631514e-02   6.5057972e-01   2.2836872e-01  -2.4624478e-03  -2.0474115e-03  -6.7635330e-05
   2.1812509e-02   5.6558003e-01   2.2834546e-01  -1.9726072e-03  -2.1203525e-03  -4.8269865e-04
   1.1595895e-02   6.8961893e-01   2.6086090e-01  -3.2502949e-03  -2.0809753e-03  -1.3154490e-04
   3.5008578e-02   5.3203690e-01   1.6529677e-01  -1.5853684e-03  -2.4514255e-03  -6.6739340e-04
   6.1947380e-04   7.2982564e-01   2.9976541e-01  -3.4186625e-03  -1.9270038e-03  -4.4766066e-04
   2.5749228e-02   5.6608368e-01   1.5897905e-01  -1.7062920e-03  -2.3203236e-03  -3.7568048e-04
   3.2279636e-02   6.1114992e-01   2.4884960e-01  -2.0174424e-03  -2.3220618e-03  -6.6528373e-04
   2.3945146e-02   7.2790374e-01   2.4903671e-01  -3.1133986e-03  -2.1143833e-03  -1.5229905e-04
   3.9068261e-02   5.7348715e-01   1.5393265e-01  -1.3772167e-03  -2.4323655e-03  -5.6661157e-04
   2.3198639e-02   7.7798521e-01   2.5332403e-01  -3.4453017e-03  -2.3754796e-03  -6.5978733e-04
   6.1053072e-02   6.0120902e-01   1.4794239e-01  -1.4736179e-03  -3.0185684e-03  -7.9843218e-04
   5.5043172e-02   7.2701278e-01   3.0852937e-01  -3.3391770e-03  -2.8898679e-03  -1.1289385e-03
   5.0277128e-02   6.7107672e-01   2.5892221e-01  -2.5442418e-03  -2.9279659e-03  -6.9072653e-04
   4.3044393e-02   6.0790505e-01   2.9584057e-01  -1.9332917e-03  -2.9486187e-03  -9.2161748e-04
   4.1378901e-02   7.4320728e-01   3.5656449e-01  -3.1370160e-03  -2.9416428e-03  -8.0257793e-04
   4.5562399e-02   5.9633603e-01   2.3803456e-01  -1.8787610e-03  -3.1276129e-03  -6.7647447e-04
   5.6411728e-02   6.9726328e-01   2.9067775e-01  -2.5950900e-03  -3.2554192e-03  -6.8385131e-04
   3.4645094e-02   7.8795049e-01   2.7947302e-01  -3.1870838e-03  -2.9074008e-03  -5.3365012e-04
   4.5024990e-02   6.6255267e-01   1.5666360e-01  -1.8185642e-03  -2.9731490e-03  -3.9084772e-04
   4.1291069e-02   8.1856209e-01   2.6379637e-01  -2.9848460e-03  -2.2731643e-03  -4.9452739e-04
   4.1282859e-02   8.4493621e-01   2.5602796e-01  -2.7745454e-03  -2.2900728e-03  -1.5677379e-04
   5.3808116e-02   6.8538795e-01   1.7271534e-01  -1.3668379e-03  -2.2924609e-03  -2.8023304e-05
   4.2708216e-02   8.5276720e-01   3.0270950e-01  -3.4847305e-03  -2.5369222e-03  -2.6475638e-04
   5.5558060e-02   7.8130797e-01   2.0544677e-01  -2.7278560e-03  -2.5493096e-03  -1.1804367e-04
   6.2237763e-02   7.2449936e-01   2.0739385e-01  -2.2371814e-03  -2.9177899e-03  -3.5938470e-04
   4.7986119e-02   8.7656972e-01   2.7784987e-01  -3.3395214e-03  -2.6569731e-03  -1.8163062e-04
   5.4461784e-02   7.2982040e-01   1.5303390e-01  -1.9565979e-03  -2.3155632e-03   4.3772598e-04
   2.3816781e-02   9.1831002e-01   2.7707592e-01  -2.9750444e-03  -1.4575201e-03   1.0527159e-03
   1.3794076e-02   9.4228380e-01   2.6775852e-01  -3.1547893e-03  -9.0202256e-04   1.7055950e-03
   4.0951076e-02   8.1695197e-01   1.9650970e-01  -1.9727493e-03  -1.1787386e-03   1.4805170e-03
   3.2090832e-02   9.9020605e-01   3.4102333e-01  -4.1224283e-03  -8.3301589e-04   1.5445896e-03
   2.0714132e-02   8.3413632e-01   1.9636995e-01  -2.4395785e-03  -9.4170742e-04   1.6241064e-03
   4.1186303e-02   8.3380466e-01   2.5070848e-01  -2.8855484e-03  -1.3981829e-03   1.1086548e-03
   2.1399982e-02   9.4496149e-01   2.2027647e-01  -3.6529689e-03  -1.1386506e-03   1.2728015e-03
   1.8315303e-02   7.0927743e-01   1.0950295e-01  -1.5912933e-03  -1.2355500e-03   6.2823592e-04
   2.0716720e-02   9.3161136e-01   2.4250199e-01  -3.3523738e-03  -1.3823960e-03   5.1616941e-04
   3.4548952e-02   7.2694385e-01   1.0040949e-01  -1.6225823e-03  -1.5527652e-03   7.9155640e-04
   2.7103971e-02   7.9936337e-01   1.6131425e-01  -2.2625785e-03  -1.3373722e-03   2.3374148e-04
   1.6359155e-03   7.8267288e-01   1.5678151e-01  -1.9773966e-03  -1.3712489e-03   2.0754222e-04
   2.2182616e-03   6.0288128e-01   5.5174536e-03   1.1663262e-03  -1.0148261e-03   1.1081003e-03
   1.2528620e-02   7.6557608e-01   1.7780640e-01   5.3015876e-05  -5.6912525e-04   1.0821520e-03
   4.1018219e-03   7.8050263e-01   1.5061070e-01  -1.4325508e-04  -7.5974166e-04   1.4490142e-03
   2.6189558e-02   6.0536350e-01   9.3969231e-02   1.3192024e-03  -9.0466556e-04   9.5411014e-04
   1.4608378e-02   7.4754886e-01   2.0797403e-01  -1.5188338e-04  -1.0256874e-03   9.8222307e-04
   3.1866178e-02   5.7373105e-01   1.1336548e-01   1.2341551e-03  -1.1508375e-03   9.4986410e-04
   2.1451754e-02   6.2620837e-01   2.5563611e-01   4.4968615e-05  -1.0023165e-03   7.9825320e-04
   3.7708161e-03   6.0065440e-01   1.8941354e-01   5.2416271e-04  -8.5827304e-04   1.0661974e-03
   2.8127141e-02   4.9580489e-01   1.8905011e-01   9.9739332e-04  -1.2756537e-03   6.4340718e-04
   2.1914276e-02   6.7860672e-01   3.0869905e-01  -6.6136708e-04  -1.0636710e-03   7.7724671e-04
   2.1163976e-02   5.3912700e-01   1.9128152e-01   1.9635027e-04  -1.1412180e-03   1.2037684e-03
   4.6794774e-02   5.1057884e-01   1.5895366e-01   8.6592545e-04  -1.4900401e-03   7.9647250e-04
   1.2299995e-02   7.3892291e-01   2.6542107e-01  -6.5118359e-04  -9.8012662e-04   1.0808369e-03
   5.9783411e-03   6.8471811e-01   1.9757580e-01  -1.7268879e-04  -7.3528307e-04   1.5737314e-03
   3.4331612e-02   6.1737818e-01   9.8410163e-02   9.7369193e-04  -1.4580889e-03   1.2323790e-03
   2.1246474e-02   7.6514377e-01   2.0644976e-01   6.3040602e-05  -8.8714047e-04   1.0408179e-03
   3.1359596e-02   7.8750945e-01   2.2587433e-01  -2.3545202e-04  -9.4600321e-04   1.4449589e-03
   5.4794634e-02   6.7218456e-01   1.3389224e-01   8.3076879e-04  -9.7563046e-04   1.8286509e-03
   4.4329168e-02   7.8676688e-01   2.6769705e-01  -5.2250426e-04  -8.1329412e-04   1.5807484e-03
   2.8804582e-02   8.4666857e-01   2.7279846e-01  -1.1311684e-03  -8.0417900e-04   1.8845551e-03
   5.1793664e-02   7.2647084e-01   1.9033718e-01  -4.4565284e-04  -1.0330516e-03   1.5757795e-03
   3.5054600e-02   8.8659712e-01   3.0955200e-01  -1.7426682e-03  -7.3601731e-04   1.8500417e-03
   3.7958680e-02   7.9546142e-01   1.8621309e-01  -8.7926769e-04  -6.6617272e-04   2.1026485e-03
   3.5725545e-02   7.2457795e-01   7.7825743e-02   3.1476141e-04  -7.5737215e-04   1.5523739e-03
   1.5218164e-02   9.2827971e-01   2.1439017e-01  -1.4669984e-03  -2.9044436e-04   1.5339715e-03
   2.5635971e-02   9.0283605e-01   1.8052227e-01  -1.1385059e-03  -6.2182160e-04   1.8358544e-03
   3.3742215e-02   7.2832149e-01   1.2048322e-01   1.3551919e-05  -7.2522209e-04   1.6736906e-03
   3.9714421e-02   7.8075362e-01   1.6654342e-01  -1.0273474e-04  -7.5661099e-04   1.2735220e-03
   2.2554787e-02   9.1410186e-01   2.6795864e-01  -1.3728046e-03  -7.8996660e-04   1.4742938e-03
   2.4602614e-02   6.7753720e-01   1.4005090e-01   2.8193475e-04  -7.9482423e-04   1.6092085e-03
   1.6329807e-02   7.7043712e-01   2.5739406e-01  -4.4541772e-04  -6.3541620e-04   1.2613128e-03
   1.1888731e-02   7.8962892e-01   2.2804097e-01  -6.4740582e-04  -5.8832455e-04   1.5725801e-03
   3.3251602e-03   6.9417831e-01   1.6682053e-01   3.2184366e-04  -5.1616524e-04   1.0543562e-03
  -6.2975700e-03   8.8087373e-01   3.1425574e-01  -1.5113420e-03  -4.7259469e-04   1.2368569e-03
   1.7557589e-02   7.2322207e-01   1.7761956e-01  -7.0662042e-05  -7.1851161e-04   1.4068768e-03
   2.0094333e-02   8.1130298e-01   3.0401693e-01  -8.4501846e-04  -6.7809635e-04   1.2139101e-03
  -1.0710652e-03   8.1036608e-01   2.7050642e-01  -7.2031427e-04  -5.5770913e-04   1.4976460e-03
   2.1746545e-02   7.0689544e-01   1.5802558e-01   2.1392933e-04  -8.0043470e-04   1.4270589e-03
  -3.1582095e-05   9.2068234e-01   2.9776049e-01  -1.2276274e-03  -6.7819287e-04   1.7426324e-03
   3.5371748e-02   9.7717045e-01   2.2227696e-01  -1.7538263e-03  -1.2102106e-03   2.4838745e-03
   9.0692804e-02   1.0962374e+00   7.7299775e-02  -2.3092235e-03  -1.3539718e-03   3.0798206e-03
   9.0226705e-02   1.1610868e+00   1.5683189e-01  -2.5796421e-03  -1.4967291e-03   2.9147277e-03
   4.9338605e-02   1.1726494e+00   2.8333672e-01  -2.9853152e-03  -1.1221874e-03   2.7440506e-03
   4.7946576e-02   9.8101307e-01   1.5898752e-01  -1.0585773e-03  -9.0376838e-04   2.8160164e-03
   4.6968948e-02   8.9872716e-01   1.5595101e-01  -5.4427728e-04  -1.0093934e-03   2.1555125e-03
   4.8281641e-02   9.3283792e-01   9.1163801e-04   9.1431312e-04  -1.0715830e-03   2.3098016e-03
   4.6073329e-02   1.0442911e+00   1.7205315e-01  -1.8047182e-04  -5.5331651e-04   2.6212856e-03
   2.8634238e-02   9.8876484e-01   1.2673229e-01  -2.0612034e-05  -3.2786494e-04   2.7304557e-03
   5.5901984e-02   8.0674946e-01   1.4203818e-01   1.4222505e-03  -6.6421060e-04   2.2300082e-03
   2.5419748e-02   1.0021183e+00   2.4289462e-01  -4.9803526e-04  -4.9269259e-04   2.3165113e-03
   4.7785658e-02   7.3523241e-01   1.3863751e-01   1.7925611e-03  -7.9087560e-04   2.1752461e-03
   3.4692280e-02   9.2134069e-01   2.9345087e-01  -2.8316916e-04  -6.0794770e-04   2.0317276e-03
   4.5493609e-02   7.5578148e-01   1.6782532e-01   1.2140871e-03  -9.7066878e-04   2.0098498e-03
   3.8778100e-02   7.7954119e-01   2.2925529e-01   9.4415273e-04  -9.9165056e-04   1.4487645e-03
   4.6828710e-02   9.0379288e-01   2.9616071e-01  -3.6823689e-04  -1.0312143e-03   2.0950455e-03
   6.6160955e-02   7.8644275e-01   1.5307095e-01   1.1801407e-03  -1.1703305e-03   2.0429709e-03
   5.1518128e-02   8.7018317e-01   2.4728160e-01   2.6243734e-04  -9.2459309e-04   1.8986580e-03
   2.4223179e-02   9.5730595e-01   2.9850149e-01  -4.7403652e-04  -6.3841612e-04   1.8651357e-03
   3.3756685e-02   7.9088460e-01   1.6734346e-01   9.2601323e-04  -9.6321098e-04   1.6515764e-03
   2.4863358e-02   9.5255584e-01   3.0318735e-01  -4.2085133e-04  -9.4666229e-04   1.6369572e-03
   5.3899270e-02   8.9557327e-01   1.8004772e-01   5.0629237e-04  -1.1226052e-03   2.3399324e-03
   4.8247136e-02   9.2258472e-01   1.0023730e-01   6.2655684e-04  -1.3594069e-03   1.7344971e-03
   1.9616348e-02   1.0700831e+00   2.9103298e-01  -1.0470741e-03  -9.5639109e-04   2.0451846e-03
   8.8826466e-02   1.0260839e+00   3.9271419e-02   4.9251262e-04  -1.8190538e-03   2.3890534e-03
   8.7285386e-02   1.2161738e+00   8.1636875e-02  -8.3588048e-04  -1.6154323e-03   2.6078691e-03
   7.7514267e-02   1.1506229e+00   9.7452483e-02  -2.5899335e-04  -1.4727836e-03   2.6785589e-03
   9.6480105e-02   1.1191983e+00   1.3160838e-01  -2.0889904e-04  -1.6949878e-03   2.6600805e-03
   7.6478845e-02   1.1891229e+00   2.4362315e-01  -1.4068462e-03  -1.2375282e-03   3.0977665e-03
   8.5436244e-02   1.0531798e+00   7.8767857e-02  -5.5812671e-05  -1.4152864e-03   2.8866523e-03
   5.5023345e-02   1.2317601e+00   1.7022323e-01  -1.3465349e-03  -1.0126427e-03   3.0913100e-03
   4.7480795e-02   1.2463512e+00   1.8389819e-01  -1.0018799e-03  -1.0249662e-03   3.4100240e-03
   1.0556818e-01   1.2046258e+00   2.7877941e-02  -1.7935054e-04  -2.1294684e-03   2.6350600e-03
   9.1119423e-02   1.3631282e+00   2.0167902e-01  -1.5412991e-03  -2.1741877e-03   2.8062104e-03
   9.1862265e-02   1.2227877e+00   1.7717589e-01  -6.6461510e-04  -2.1674311e-03   3.0195114e-03
   1.2037611e-01   1.2373843e+00   2.3460718e-01  -6.7154778e-04  -2.5758478e-03   2.7337167e-03
   1.0044877e-01   1.2982824e+00   3.0111549e-01  -1.3596397e-03  -2.3344788e-03   2.6970766e-03
   1.1161095e-01   1.1529886e+00   1.8415700e-01  -3.8941583e-05  -2.5329462e-03   2.8134532e-03
   1.0071584e-01   1.2304852e+00   2.1814453e-01  -4.4467342e-04  -2.4627357e-03   2.6277685e-03
   7.4517579e-02   1.3341930e+00   2.2014482e-01  -1.1413978e-03  -2.0351439e-03   3.3159471e-03
   5.9324569e-02   1.1584275e+00   1.0050562e-01   5.2262568e-04  -2.0618556e-03   2.7769585e-03
   5.8358741e-02   1.3311662e+00   1.8741242e-01  -8.2005021e-04  -1.8690713e-03   2.9676459e-03
   4.7527779e-02   1.2485665e+00   1.1049326e-01  -1.7684935e-04  -1.5959873e-03   3.3725159e-03
   7.0885135e-02   1.1505427e+00   1.2701905e-01   5.0337112e-04  -2.1495859e-03   2.7215373e-03
   5.5741688e-02   1.2613949e+00   2.2296523e-01  -3.5362748e-04  -1.9028102e-03   2.9240828e-03
   6.3952068e-02   1.0925513e+00   1.4420715e-01   1.3606830e-03  -2.2101741e-03   2.6772576e-03
   6.4134944e-02   1.2614991e+00   3.1537731e-01  -5.8759060e-04  -1.9442955e-03   2.8686190e-03
   3.4350010e-02   1.1824717e+00   2.6173665e-01  -1.1025563e-04  -1.1639328e-03   3.3678811e-03
   6.0229749e-02   1.1230914e+00   1.6439978e-01   1.1267454e-03  -2.0959894e-03   2.8063396e-03
   6.4697937e-02   1.2474639e+00   2.8599676e-01  -6.6775682e-05  -2.2212908e-03   2.7015684e-03
   4.8384196e-02   1.2358918e+00   2.9502376e-01  -2.4872560e-04  -2.1776426e-03   2.9618779e-03
   8.3487072e-02   1.1640240e+00   1.8334113e-01   7.6412842e-04  -2.6693675e-03   3.0486578e-03
   8.6246646e-02   1.2695153e+00   2.7896553e-01  -3.2298539e-04  -2.7290407e-03   2.8513470e-03
   7.8745574e-02   1.3067376e+00   2.7680960e-01  -7.0545671e-04  -2.7640116e-03   3.1569175e-03
   6.7982706e-02   1.2123293e+00   1.8256605e-01   6.0398864e-04  -2.7855683e-03   2.9968470e-03
   6.6178589e-02   1.3314924e+00   2.8436308e-01  -4.7465165e-04  -2.4719808e-03   3.2143335e-03
   4.7260253e-02   1.3232786e+00   1.9177711e-01  -1.6178790e-04  -2.1262920e-03   3.6549262e-03
   6.0248630e-02   1.2567196e+00  -1.4800454e-02   1.0442586e-03  -2.3112532e-03   3.2325288e-03
   4.8012748e-02   1.4677067e+00   1.2384435e-01  -6.2738665e-04  -1.9008241e-03   3.0220339e-03
   4.3427641e-02   1.4013559e+00   1.2307438e-01  -2.9061798e-04  -1.9716818e-03   3.4134574e-03
   6.0231888e-02   1.2469997e+00   1.0074744e-01   1.1446831e-03  -2.0041994e-03   2.8941534e-03
   6.2057670e-02   1.3642928e+00   2.2828869e-01  -2.9138231e-04  -2.0068768e-03   2.9990485e-03
   8.8326983e-02   1.2321790e+00   1.2001797e-01   1.2354141e-03  -2.3757570e-03   3.1688504e-03
   8.3482778e-02   1.3228811e+00   2.1906044e-01  -1.6825179e-04  -2.3796214e-03   3.0318159e-03
   9.2116013e-02   1.3080636e+00   2.4793536e-01   1.4675121e-04  -2.3545270e-03   3.3487699e-03
   1.3131519e-01   1.1918203e+00   1.0909804e-01   1.3363467e-03  -2.1773518e-03   3.6466561e-03
   1.1495956e-01   1.3649564e+00   2.5697960e-01  -1.2964985e-04  -2.1268770e-03   3.5435710e-03
   9.4680758e-02   1.2722271e+00   2.3008854e-01   4.8505893e-04  -1.8800156e-03   3.8838510e-03
   1.3436768e-01   1.2430214e+00   1.0276150e-01   1.4573542e-03  -2.2553277e-03   4.0772305e-03
   1.2218886e-01   1.3941994e+00   2.5834548e-01  -2.9335867e-04  -2.2120301e-03   4.1496896e-03
   1.2101088e-01   1.2974468e+00   1.2871435e-01   9.2453224e-04  -2.3384747e-03   4.2388893e-03
   1.0808317e-01   1.3295599e+00   2.0620349e-01   5.3392688e-04  -2.0405298e-03   3.7825877e-03
   8.4020411e-02   1.4397133e+00   1.8914512e-01  -4.1037164e-04  -1.9350490e-03   3.9564680e-03
   8.7576570e-02   1.2329447e+00   1.0588893e-01   1.6570804e-03  -1.9161683e-03   3.7880621e-03
   7.5023552e-02   1.3833087e+00   1.6681849e-01   3.3275519e-04  -1.8765492e-03   3.6035236e-03
   4.2323745e-02   1.2232799e+00  -3.9858272e-02   2.4679352e-03  -1.9176493e-03   3.8841710e-03
   6.1140801e-02   1.1358394e+00   2.3163905e-02   3.3041489e-03  -2.0668867e-03   3.8252651e-03
   5.3215474e-02   1.3141616e+00   1.4210225e-01   1.4945951e-03  -1.7156404e-03   3.7466017e-03
   4.9215455e-02   1.1890536e+00   6.1616888e-02   2.7027547e-03  -1.8390722e-03   4.1401369e-03
   6.8732657e-02   1.0909862e+00   1.1592345e-01   3.4437270e-03  -1.9446229e-03   3.5266396e-03
   4.5888218e-02   1.2725339e+00   1.7838138e-01   1.4212014e-03  -1.5489414e-03   4.1047463e-03
   6.7916658e-02   1.0470967e+00   1.2652294e-01   3.5582959e-03  -1.9466286e-03   3.9271639e-03
   6.3766028e-02   1.2392969e+00   2.3180947e-01   1.6094831e-03  -1.7489714e-03   3.9652337e-03
   7.5756319e-02   1.0452580e+00   9.9784486e-02   3.6015311e-03  -1.8830589e-03   4.0857010e-03
   7.3997569e-02   1.1879316e+00   2.3644596e-01   2.0627694e-03  -1.6315169e-03   4.0854211e-03
   7.9356446e-02   1.0697865e+00   1.1251892e-01   3.2938756e-03  -1.8050496e-03   4.3071799e-03
   8.8687535e-02   1.1084407e+00   2.0369531e-01   2.5327474e-03  -1.8968628e-03   3.9193322e-03
   3.7142894e-02   1.1651560e+00   2.0535393e-01   2.2493225e-03  -1.1494178e-03   4.2301250e-03
   6.3040877e-02   1.0180795e+00   1.3745617e-01   3.8595140e-03  -1.8511098e-03   3.8143238e-03
   4.2584683e-02   1.2317810e+00   2.7523350e-01   1.2839783e-03  -1.4440253e-03   3.9064389e-03
   3.1490440e-02   1.1786863e+00   2.5355874e-01   1.7720607e-03  -1.7245021e-03   4.6048874e-03
   6.3167911e-02   1.1358285e+00   2.3298407e-01   2.2338384e-03  -1.9774608e-03   4.2989798e-03
   4.5671413e-02   1.2974725e+00   3.1046473e-01   6.5445037e-04  -1.5408971e-03   4.4161893e-03
   5.7121674e-02   1.1737901e+00   2.0520760e-01   2.2469897e-03  -1.5358106e-03   4.6206956e-03
   7.7188274e-02   1.1316217e+00   1.7988755e-01   2.5923163e-03  -1.7919479e-03   4.4219516e-03
   6.4550589e-02   1.3635576e+00   2.8011551e-01   4.9469212e-04  -1.7297509e-03   4.4235935e-03
   7.6916370e-02   1.2959031e+00   1.7992302e-01   8.3936668e-04  -1.9062149e-03   4.2340552e-03
   8.3728351e-02   1.4570246e+00   3.4140809e-01  -1.2602643e-03  -2.2496676e-03   4.1496975e-03
   9.7832936e-02   1.4244499e+00   2.9726319e-01  -7.3711849e-04  -2.0363648e-03   4.4934361e-03
   1.1750517e-01   1.3215021e+00   2.2959700e-01   3.5005798e-04  -2.1256208e-03   4.4348057e-03
   9.3693653e-02   1.3824724e+00   3.3164223e-01   3.0110184e-04  -2.0520336e-03   4.5107767e-03
   9.2267330e-02   1.3451769e+00   2.5798706e-01   5.6267295e-04  -2.3104532e-03   4.9567119e-03
   8.7674472e-02   1.2293267e+00   1.4646545e-01   1.6806531e-03  -2.1185266e-03   4.8684026e-03
   8.9721430e-02   1.5031235e+00   2.4795814e-01  -2.5249781e-04  -2.1413627e-03   4.6294738e-03
   7.4615918e-02   1.3935250e+00   1.3289463e-01   4.2034333e-04  -1.9614713e-03   5.0553995e-03
   7.2313205e-02   1.3226801e+00   1.4481469e-01   1.3743150e-03  -2.0413169e-03   4.4331537e-03
   6.4697738e-02   1.4459518e+00   2.1567783e-01  -2.6427823e-05  -2.0327929e-03   4.7436854e-03
   6.7582612e-02   1.2355423e+00   1.2986249e-01   2.1403926e-03  -2.1141426e-03   4.4707723e-03
   6.9563712e-02   1.3608448e+00   2.7234094e-01   3.5293446e-04  -1.9874500e-03   4.5104941e-03
   4.9784890e-02   1.3206963e+00   2.5029151e-01   9.8009718e-04  -1.8582509e-03   4.8031736e-03
   7.1489074e-02   1.2416738e+00   1.7997590e-01   1.4923198e-03  -2.0570263e-03   4.7665053e-03
   9.5958823e-02   1.4048559e+00   3.9479099e-01  -7.0436663e-05  -2.3622246e-03   3.9793253e-03
   6.9518677e-02   1.2376242e+00   3.0655656e-01   1.5169321e-03  -2.0586319e-03   4.1266853e-03
   6.4927811e-02   1.2661701e+00   3.6863804e-01   1.3924998e-03  -1.9583006e-03   4.1468312e-03
   4.0527372e-02   1.2877945e+00   3.2904003e-01   1.2523726e-03  -1.9725901e-03   4.2599366e-03
   4.3389516e-02   1.1699870e+00   2.5577229e-01   2.2285612e-03  -2.2308555e-03   3.7695305e-03
   2.3432871e-02   1.3750323e+00   2.5188755e-01   8.5276334e-04  -2.0586163e-03   4.0474553e-03
   1.5119139e-02   1.1909286e+00   1.4517000e-01   2.6871948e-03  -1.9001113e-03   3.8621474e-03
   2.1231686e-02   1.3327971e+00   2.8000231e-01   1.5183024e-03  -2.0404589e-03   3.8721349e-03
   3.3448113e-02   1.1831828e+00   1.8081400e-01   3.0069714e-03  -2.3710861e-03   4.2013063e-03
   4.8555391e-02   1.1699656e+00   2.7686997e-01   2.8896497e-03  -2.4663430e-03   3.7786522e-03
   3.8346699e-02   1.0778973e+00   8.1610886e-02   4.5745516e-03  -2.7810114e-03   4.5089777e-03
   4.5466785e-02   1.0375828e+00   1.9310289e-01   4.3940057e-03  -2.7993443e-03   3.9089822e-03
   3.4070604e-02   1.2223238e+00   2.4031221e-01   3.2427205e-03  -2.8331500e-03   4.0845597e-03
   4.7014976e-02   1.0054514e+00   1.5549109e-01   4.9417721e-03  -2.9872207e-03   4.0401280e-03
   2.9302006e-02   1.1689739e+00   2.7650135e-01   3.3886467e-03  -2.5942665e-03   3.6768162e-03
   1.7662202e-02   1.0951825e+00   2.1589297e-01   4.1419634e-03  -2.6233553e-03   3.9336472e-03
   3.2815547e-02   1.0088393e+00   2.6367432e-01   4.8628501e-03  -2.8309051e-03   3.3906227e-03
   9.6958832e-03   1.1685969e+00   3.3574678e-01   3.2989136e-03  -2.5363470e-03   3.7038616e-03
   1.7847039e-02   9.7644045e-01   2.5671752e-01   5.1782234e-03  -2.7171140e-03   3.6521992e-03
  -4.2763091e-04   1.1072611e+00   3.7318223e-01   3.7858486e-03  -2.4486089e-03   3.4418310e-03
  -5.2868679e-03   1.0428615e+00   2.6349014e-01   4.3026880e-03  -2.4870726e-03   3.8496883e-03
   2.0772916e-02   1.0454619e+00   3.1654982e-01   4.1296577e-03  -2.7864807e-03   3.4451956e-03
  -1.5293819e-02   1.1623661e+00   3.1391240e-01   3.1469001e-03  -2.4144412e-03   3.7405332e-03
   1.9558673e-02   9.8530928e-01   2.1995710e-01   5.1757589e-03  -2.8063253e-03   3.5720206e-03
   3.5088741e-03   1.2231597e+00   3.4231660e-01   2.6544824e-03  -2.5980705e-03   3.4676966e-03
   2.1166656e-02   1.0881514e+00   2.0933580e-01   4.3733795e-03  -3.0414786e-03   3.4098278e-03
   4.3546430e-02   1.1721470e+00   3.0542592e-01   3.6169502e-03  -3.0337595e-03   3.1491529e-03
   2.8659365e-02   1.1970156e+00   2.8364358e-01   3.3513814e-03  -2.8711486e-03   3.5088534e-03
   5.2999948e-02   1.1241773e+00   2.4519579e-01   4.2999752e-03  -3.0316060e-03   3.4575565e-03
   4.8986863e-02   1.2367059e+00   3.4086019e-01   2.8815043e-03  -3.1616510e-03   3.5315019e-03
   5.4120470e-02   1.1047464e+00   1.8603651e-01   4.4647564e-03  -3.1555143e-03   3.6128378e-03
   5.8840770e-02   1.2727298e+00   3.3017778e-01   2.4197974e-03  -3.1205953e-03   3.5964812e-03
   6.4437283e-02   1.2650606e+00   2.7613598e-01   2.4056357e-03  -3.3034402e-03   3.5752086e-03
   7.4171113e-02   1.2801257e+00   2.3130000e-01   2.2915919e-03  -3.5473995e-03   3.3677347e-03
   6.2041411e-02   1.3320306e+00   3.1218463e-01   2.1221895e-03  -3.4080055e-03   3.3853711e-03
   3.7945972e-02   1.3259674e+00   3.1275782e-01   2.2172612e-03  -3.3927416e-03   3.7672771e-03
   1.4302955e-02   1.1675988e+00   1.9768522e-01   4.2731496e-03  -3.2040506e-03   3.4674371e-03
   8.1813909e-03   1.3576017e+00   3.1515798e-01   2.4754051e-03  -3.0858097e-03   3.3263931e-03
  -7.0290446e-03   1.2746762e+00   1.9593717e-01   3.1212458e-03  -3.0294842e-03   3.5337226e-03
   4.0075459e-03   1.1940046e+00   2.6013966e-01   3.6129454e-03  -3.3156137e-03   3.0029843e-03
  -7.7821050e-03   1.3431776e+00   2.6667732e-01   2.6030828e-03  -3.1940578e-03   3.4548799e-03
   6.1070031e-03   1.0853859e+00   2.2715951e-01   4.7864590e-03  -3.2205420e-03   3.3234850e-03
  -1.5871434e-03   1.3411802e+00   3.1148477e-01   2.4195797e-03  -3.1388118e-03   3.4508983e-03
   1.0576622e-02   1.1772823e+00   2.2436969e-01   4.2304023e-03  -3.4915542e-03   3.5010979e-03
  -1.3854903e-02   1.2983449e+00   3.2815199e-01   2.7409689e-03  -2.8880488e-03   3.4402674e-03
  -1.7713502e-03   1.1844822e+00   2.1243593e-01   4.3535087e-03  -3.6033903e-03   3.4479226e-03
   1.8802599e-02   1.0483536e+00   1.9249008e-01   5.0126736e-03  -3.8554054e-03   3.2169456e-03
   8.7149682e-03   1.3143695e+00   3.1877825e-01   2.8757938e-03  -3.3289356e-03   3.1796739e-03
  -1.1243360e-02   1.1642497e+00   2.2299285e-01   4.2612972e-03  -3.1684009e-03   3.4602529e-03
  -1.2054061e-02   1.2124641e+00   3.0273913e-01   3.0306308e-03  -3.1184577e-03   2.9844640e-03
  -2.9613373e-02   1.2902339e+00   2.6194772e-01   2.6928505e-03  -3.2555724e-03   3.2499617e-03
  -2.3751836e-02   1.0920104e+00   2.6770298e-01   3.6702678e-03  -3.6006913e-03   2.3408448e-03
  -4.7301337e-02   1.2277251e+00   2.9903272e-01   2.1015656e-03  -3.4068988e-03   2.6839152e-03
  -3.5180352e-02   1.0325807e+00   2.4511941e-01   3.6417868e-03  -3.4691721e-03   2.4784018e-03
  -5.9130350e-02   1.1878535e+00   3.1437953e-01   2.1569903e-03  -3.0376950e-03   2.5141086e-03
  -2.1704098e-02   1.0397631e+00   2.2021819e-01   3.5015293e-03  -3.6846641e-03   2.5562506e-03
  -2.5948467e-02   1.1481362e+00   3.1764286e-01   2.2220358e-03  -3.5720784e-03   2.0679907e-03
  -4.1766617e-02   1.1083950e+00   1.9945585e-01   2.8084035e-03  -3.2275201e-03   2.4054069e-03
  -2.1463482e-02   1.0722246e+00   2.7825210e-01   2.5069431e-03  -3.4053276e-03   2.1539823e-03
  -2.5451524e-02   1.2096364e+00   2.7890540e-01   1.7301892e-03  -3.3361391e-03   2.4845611e-03
  -1.2470190e-02   9.8251546e-01   2.1570435e-01   3.5634642e-03  -3.4126394e-03   2.3113986e-03
  -3.1225119e-02   1.2378172e+00   3.4856900e-01   1.4284770e-03  -3.3263251e-03   2.3048435e-03
  -1.5623667e-02   1.0590279e+00   2.1279927e-01   3.0688012e-03  -3.4266080e-03   2.5979927e-03
  -1.0724209e-02   1.1564413e+00   2.9338561e-01   2.0727075e-03  -3.5532063e-03   2.1336978e-03
  -4.0157086e-02   1.1988241e+00   2.4344026e-01   1.7175257e-03  -3.1583683e-03   2.5710812e-03
  -1.9409652e-02   1.0107084e+00   2.0270674e-01   3.6116068e-03  -3.3863878e-03   2.1725522e-03
  -2.9792578e-02   1.2044036e+00   3.1663540e-01   1.5807178e-03  -3.4307369e-03   2.0202890e-03
  -3.3425671e-02   1.0207877e+00   2.0039304e-01   3.4293831e-03  -3.4996656e-03   2.4656506e-03
  -1.4468058e-02   1.1245184e+00   3.3625199e-01   2.5140824e-03  -3.6464153e-03   2.0067823e-03
  -1.6439872e-02   1.1569967e+00   2.8740133e-01   2.4982690e-03  -3.6365853e-03   2.4853578e-03
   5.3408274e-03   1.0369773e+00   2.3251231e-01   3.4108924e-03  -3.8548295e-03   2.3894822e-03
  -1.3843578e-02   1.2600265e+00   3.2118565e-01   1.2911999e-03  -3.5661741e-03   2.5401208e-03
   2.9299980e-03   1.1407923e+00   1.5546111e-01   2.8019253e-03  -3.8614667e-03   2.6128629e-03
   9.0211682e-03   1.2317043e+00   2.2535926e-01   2.2835253e-03  -3.7902817e-03   2.3393403e-03
  -2.3467499e-02   1.3193923e+00   2.7586815e-01   1.3131195e-03  -3.4294050e-03   2.5982365e-03
  -2.9239270e-03   1.2292171e+00   1.4497717e-01   2.6247467e-03  -4.0935675e-03   2.4237120e-03
  -9.1621454e-03   1.4410707e+00   3.2787926e-01  -1.1354410e-04  -4.0720457e-03   2.7112360e-03
   1.1538675e-02   1.3482740e+00   2.2107324e-01   1.2130284e-03  -4.2421134e-03   3.1069388e-03
   2.4683962e-03   1.3579459e+00   2.9845446e-01   8.2288862e-04  -4.0483809e-03   2.8110245e-03
  -1.9080581e-03   1.4119713e+00   2.4965426e-01   1.3560426e-03  -3.8559538e-03   3.3592048e-03
   8.0461223e-03   1.1838705e+00   9.9158960e-02   3.7033989e-03  -4.1079603e-03   2.9908914e-03
   1.5551113e-02   1.3282686e+00   2.1587301e-01   2.8058125e-03  -4.1014319e-03   3.0984672e-03
   1.6875567e-04   1.2945754e+00   1.5029770e-01   2.9903277e-03  -3.9236650e-03   3.6343752e-03
   1.2524988e-02   1.2044020e+00   9.6097167e-02   4.0081234e-03  -4.0825340e-03   3.1189075e-03
   8.9728989e-03   1.3543506e+00   1.7628551e-01   2.8109948e-03  -4.3787998e-03   3.2058039e-03
  -1.1081922e-02   1.1457611e+00  -5.1968153e-03   5.2637382e-03  -4.3368850e-03   4.0285204e-03
   1.9176645e-02   1.2007871e+00   1.0449416e-01   4.7189220e-03  -4.7604878e-03   3.4819396e-03
  -4.5007689e-03   1.1944565e+00   6.2460899e-02   4.4939609e-03  -4.2787820e-03   4.0302455e-03
  -2.1555741e-03   1.0971605e+00   1.2985562e-01   5.2991523e-03  -4.2374506e-03   3.5038225e-03
   7.4723165e-03   1.1850263e+00   1.2895327e-01   4.5888267e-03  -4.5302412e-03   3.7932259e-03
   1.3205030e-02   1.0003947e+00   9.5459981e-02   6.1279351e-03  -4.7389238e-03   3.2455214e-03
  -1.0390297e-02   1.1472375e+00   1.9971302e-01   4.3929149e-03  -4.2973675e-03   3.4520225e-03
   1.0584704e-02   9.4464782e-01   1.3675890e-01   6.0711470e-03  -4.7273771e-03   3.3001491e-03
  -3.0919151e-03   1.0887238e+00   2.4500325e-01   4.1924308e-03  -4.5706785e-03   3.2448717e-03
   7.2045144e-04   9.0776109e-01   1.3674926e-01   6.0899002e-03  -4.5704663e-03   3.5487719e-03
   9.9943697e-03   1.0602759e+00   2.6222734e-01   4.3772222e-03  -4.5997556e-03   3.2340752e-03
  -1.0607625e-03   1.0256498e+00   1.5121988e-01   5.1950018e-03  -4.4586819e-03   3.7245799e-03
   6.6095187e-03   9.5639928e-01   2.1521286e-01   5.3135967e-03  -4.4227096e-03   3.0699392e-03
  -1.2088412e-02   1.1122099e+00   2.0893102e-01   4.1823444e-03  -4.3462388e-03   3.4876990e-03
   5.5639935e-03   9.1205141e-01   1.7194485e-01   5.5948380e-03  -4.5925933e-03   2.9621512e-03
  -1.9737251e-02   1.1478857e+00   2.1579680e-01   3.4469992e-03  -4.5026143e-03   3.0071581e-03
   3.9250280e-03   9.0526294e-01   1.3869355e-01   5.7505396e-03  -4.8882053e-03   2.9625467e-03
  -2.2821463e-02   1.1088470e+00   2.6346945e-01   3.6264961e-03  -4.3095215e-03   2.8088252e-03
   7.5208069e-03   9.6473872e-01   1.3144090e-01   5.1955979e-03  -4.6155682e-03   3.0786830e-03
  -4.8143023e-03   1.0477082e+00   2.4393098e-01   4.3926150e-03  -4.3725191e-03   2.8696248e-03
   5.6362684e-03   1.0464720e+00   1.3964024e-01   4.6514392e-03  -4.5831006e-03   3.3089176e-03
   1.3351350e-02   1.0099089e+00   1.9112075e-01   4.7238788e-03  -4.6316606e-03   2.9377855e-03
   1.1156759e-02   1.1512755e+00   2.2090484e-01   3.6390150e-03  -4.8055515e-03   3.2592662e-03
   4.4582474e-02   9.4721226e-01   1.1078244e-01   5.5172131e-03  -5.0611205e-03   3.4732802e-03
   4.3133012e-02   1.1850082e+00   2.6948580e-01   3.0758338e-03  -4.8338372e-03   3.4558520e-03
   6.3669251e-02   1.2061209e+00   2.3917318e-01   2.4934593e-03  -4.9914094e-03   4.1366882e-03
   9.4402860e-02   1.1988505e+00   1.5518126e-01   2.7695475e-03  -4.9906207e-03   4.4367471e-03
   6.1226682e-02   1.3969540e+00   3.0908541e-01   4.1758115e-04  -4.7935041e-03   4.0371222e-03
   1.9415901e-02   1.3498190e+00   2.5000380e-01   7.9327225e-04  -4.5411217e-03   3.8642438e-03
   1.1025662e-02   1.2411675e+00   1.8863225e-01   2.2064822e-03  -4.3803251e-03   3.7507495e-03
   6.4360507e-03   1.3534434e+00   2.1828063e-01   2.3580602e-03  -4.5590957e-03   3.8499254e-03
   2.3627124e-03   1.1835766e+00   8.1341098e-02   3.9064004e-03  -4.5071199e-03   3.8444969e-03
   9.7672093e-03   1.3013211e+00   1.9169196e-01   3.0045257e-03  -4.7379309e-03   3.3621765e-03
  -2.4221298e-03   1.2462475e+00   1.0857745e-01   3.2626557e-03  -4.5168662e-03   3.7586886e-03
   1.4882637e-02   1.1083049e+00   1.4448192e-01   4.1230923e-03  -4.8181661e-03   3.0936264e-03
   9.8206663e-05   1.2877155e+00   2.1981261e-01   2.6594919e-03  -4.6860337e-03   3.3574485e-03
   1.3003910e-02   1.0457168e+00   1.4127440e-01   4.6950430e-03  -4.7868621e-03   3.5753593e-03
  -7.7567443e-03   1.1968729e+00   2.5660105e-01   3.1819420e-03  -4.6074415e-03   3.3448072e-03
  -5.7395362e-03   1.0914382e+00   1.4201953e-01   3.9876498e-03  -4.6609338e-03   3.5384320e-03
  -1.6314315e-02   1.0575567e+00   1.9857493e-01   3.9330023e-03  -4.4613434e-03   3.3161426e-03
  -3.0236623e-02   1.2185265e+00   2.0195391e-01   2.9687236e-03  -4.3612491e-03   3.4574187e-03
   4.6645425e-03   9.7699409e-01   1.4599004e-01   4.8387731e-03  -4.7463368e-03   3.5808075e-03
  -2.1544119e-02   1.1424385e+00   2.5557752e-01   3.2686446e-03  -4.1339025e-03   3.2504401e-03
  -1.2533936e-02   9.9898495e-01   1.3261497e-01   4.5421755e-03  -4.2097948e-03   3.6394839e-03
  -6.9257479e-03   1.0146313e+00   2.0383312e-01   3.8068863e-03  -4.1628901e-03   3.3177638e-03
  -3.6816538e-02   1.0602162e+00   1.6777942e-01   3.4844036e-03  -3.6972402e-03   3.7967777e-03
  -1.0227993e-03   9.0413571e-01   1.5848972e-01   4.5868748e-03  -4.1180410e-03   3.4028484e-03
  -1.8744827e-02   1.1018803e+00   2.3386837e-01   2.7521305e-03  -3.8913933e-03   3.6380538e-03
   1.1512331e-02   8.6997475e-01   1.1109123e-01   4.7428729e-03  -4.7859490e-03   3.3303337e-03
   2.4412274e-03   1.0517206e+00   2.2220530e-01   3.0359224e-03  -4.4808918e-03   3.3646641e-03
   2.3217770e-02   9.6589900e-01   9.9168533e-02   4.1505151e-03  -4.5832676e-03   3.7962426e-03
   2.7044958e-02   9.9890271e-01   1.6983398e-01   3.6767455e-03  -4.5366499e-03   3.4388330e-03
   4.2417559e-03   1.0980519e+00   2.2009944e-01   2.7887027e-03  -4.3155888e-03   3.7451906e-03
   8.1777008e-03   9.3646257e-01   1.1306250e-01   4.4241783e-03  -4.3563186e-03   3.8837450e-03
   3.0238184e-03   1.0852075e+00   2.2334415e-01   2.8766084e-03  -4.2286402e-03   3.7441387e-03
  -4.0586738e-03   1.0662699e+00   1.6985480e-01   3.1958686e-03  -4.2377942e-03   4.0292658e-03
   1.4263794e-02   9.6487832e-01   1.1942814e-01   4.0960332e-03  -4.4511559e-03   3.7697682e-03
   1.0243347e-02   1.1932759e+00   2.2653372e-01   2.0161856e-03  -4.3712788e-03   3.7641643e-03
  -6.9508155e-03   1.0489942e+00   1.0876168e-01   3.4644748e-03  -4.3023251e-03   4.0769233e-03
  -9.2997322e-03   9.9346791e-01   1.1125385e-01   3.9640159e-03  -4.2334427e-03   3.8846931e-03
  -9.2596260e-03   1.0834143e+00   1.3444216e-01   3.9460269e-03  -4.6045376e-03   3.4395646e-03
  -2.2463365e-02   9.7611313e-01   3.4680195e-02   5.2024573e-03  -4.5779063e-03   3.7932097e-03
  -1.6381766e-02   9.5378342e-01   7.3217266e-02   5.5605755e-03  -4.3328638e-03   3.4479214e-03
  -2.0199217e-02   1.1142752e+00   1.4157131e-01   4.3344827e-03  -4.4044145e-03   3.6757633e-03
  -5.2313747e-05   8.9766080e-01   2.5467684e-02   5.9972958e-03  -4.6058414e-03   3.7642670e-03
  -6.8008669e-03   1.0787725e+00   1.6243642e-01   4.2760083e-03  -4.3438808e-03   3.6438245e-03
  -3.6780947e-03   9.6658572e-01   4.0567159e-02   5.3527903e-03  -4.3130040e-03   4.1096029e-03
   1.3900107e-02   9.0176537e-01   1.0614106e-01   5.4886722e-03  -4.7060168e-03   3.4156178e-03
  -1.3655184e-02   1.0015951e+00   1.1302272e-01   4.7382850e-03  -4.3239809e-03   3.6478567e-03
   6.4107975e-03   8.5737897e-01   9.0449365e-02   5.4101146e-03  -4.5787280e-03   3.4635331e-03
  -1.9514157e-02   1.0553578e+00   1.6257787e-01   3.8463951e-03  -4.1099703e-03   3.5946865e-03
   1.0151091e-02   9.0975410e-01   1.6282253e-02   5.5690591e-03  -4.6257910e-03   3.9248156e-03
   1.7430437e-02   1.0740327e+00   1.5356819e-01   4.1471450e-03  -4.8165023e-03   3.5248964e-03
   1.0736253e-02   1.0401956e+00   8.6674722e-02   4.5899164e-03  -4.5320108e-03   4.0102611e-03
   3.5446670e-02   9.5249403e-01   6.7880483e-02   5.0512572e-03  -4.8118896e-03   3.7072569e-03
   2.6793432e-02   1.1622949e+00   2.2159000e-01   3.2574411e-03  -4.7472559e-03   3.7019882e-03
   2.5406418e-02   1.0213516e+00   9.7104914e-02   4.3608721e-03  -4.7675537e-03   3.7468792e-03
   1.1536173e-02   1.1581016e+00   1.9165407e-01   3.2808464e-03  -4.3865824e-03   3.4795570e-03
   2.8119309e-02   1.1138440e+00   8.5334756e-02   3.7077009e-03  -4.7220404e-03   3.7091762e-03
   5.7569833e-02   1.0855504e+00   1.1073164e-01   4.0726300e-03  -5.2789255e-03   3.6575895e-03
   3.5766447e-02   1.2184352e+00   1.7032525e-01   2.8824017e-03  -4.9753504e-03   3.8535711e-03
   5.1850383e-02   1.1039432e+00   8.3730913e-02   3.8328164e-03  -5.1786304e-03   3.9735788e-03
   2.8131381e-02   1.2070698e+00   2.0618955e-01   2.7962950e-03  -4.7454233e-03   3.5676309e-03
   3.2102239e-03   1.1649314e+00   1.1021069e-01   3.2291574e-03  -4.5630683e-03   3.9159171e-03
   6.9521276e-03   9.9495010e-01   3.4646761e-02   4.9331565e-03  -4.5659918e-03   3.6266959e-03
   4.9884157e-03   1.1988312e+00   1.6365507e-01   3.1203601e-03  -4.8172159e-03   3.3534820e-03
   1.7661041e-03   1.0473607e+00   3.8056462e-02   4.3417790e-03  -4.8282450e-03   3.5659545e-03
   9.5703186e-04   1.0361577e+00   1.3349281e-01   4.1816655e-03  -4.6924919e-03   3.3110166e-03
   4.4514939e-04   1.1102759e+00   1.4743985e-01   4.1028579e-03  -4.7794584e-03   3.5863856e-03
   3.8054417e-02   9.7941842e-01   6.6320886e-02   5.2888541e-03  -5.4049310e-03   3.5772173e-03
   3.5334042e-02   1.2029177e+00   2.2209860e-01   3.8005318e-03  -5.8071144e-03   3.2075707e-03
   2.0274341e-02   1.1095579e+00   2.1672869e-01   4.3002008e-03  -5.4962046e-03   3.6593075e-03
   6.9459112e-02   1.1905645e+00   1.0864896e-01   3.6345903e-03  -6.4472967e-03   3.6404364e-03
   4.9938405e-02   1.3165972e+00   2.7187409e-01   1.7594916e-03  -5.9571423e-03   3.6499217e-03
   5.2430559e-02   1.2833819e+00   2.3297212e-01   2.0411287e-03  -6.0678424e-03   4.1827748e-03
   5.2536079e-02   1.1596128e+00   1.8718955e-01   3.0360288e-03  -6.0189156e-03   4.0724288e-03
   4.1107615e-02   1.2493443e+00   2.0975119e-01   2.9046924e-03  -5.7855786e-03   4.3453891e-03
   3.6631098e-02   1.0867909e+00   3.1922155e-02   4.7555334e-03  -5.8300528e-03   4.3947188e-03
   2.2993709e-02   1.2739909e+00   1.4090792e-01   2.9834931e-03  -5.5618476e-03   4.1957995e-03
   1.9538102e-02   1.2058660e+00   4.5960286e-02   3.8135598e-03  -5.8226741e-03   4.2292080e-03
   8.7721731e-03   1.2166901e+00   7.4847082e-02   3.8069119e-03  -7.0167321e-03   3.0378545e-03
  -7.3035070e-03   1.3765652e+00   2.1916775e-01   2.3415761e-03  -6.7574100e-03   3.5069803e-03
   4.0183505e-02   1.2569355e+00   1.1358621e-01   3.6073725e-03  -7.0835085e-03   3.9248029e-03
   4.7510678e-02   1.3408743e+00   2.0399070e-01   3.2054827e-03  -7.1229661e-03   3.8829482e-03
   5.1499352e-02   1.2333154e+00   1.3059400e-01   4.1316020e-03  -7.4249664e-03   3.7264051e-03
   3.9157275e-02   1.3285868e+00   2.4150096e-01   3.0663729e-03  -6.8982707e-03   3.7305845e-03
   1.9811960e-02   1.2617182e+00   1.4966677e-01   3.6622006e-03  -6.4207454e-03   4.2722343e-03
   5.6627598e-02   1.1608558e+00   5.7605353e-02   4.8014611e-03  -6.9016163e-03   3.7711295e-03
   1.6466698e-02   1.3683387e+00   1.7735414e-01   3.2151400e-03  -6.4077402e-03   3.8029604e-03
   4.4826822e-02   1.2615675e+00   5.2935270e-02   4.1813850e-03  -6.5441848e-03   4.0430591e-03
   8.4628265e-02   1.3172768e+00   9.8021933e-02   3.7651674e-03  -7.3565965e-03   3.7613691e-03
   3.2371601e-02   1.4266806e+00   2.6588212e-01   2.8500817e-03  -6.9814832e-03   3.7589286e-03
   9.2973858e-02   1.3554857e+00   1.0170257e-01   3.6513656e-03  -7.5046046e-03   4.0826074e-03
   1.4930183e-01   1.4530687e+00   1.0037384e-01   3.5301904e-03  -8.5101415e-03   4.0077438e-03
   9.2561326e-02   1.5020740e+00   2.2118394e-01   2.8626691e-03  -7.7109870e-03   4.0873939e-03
   1.0224270e-01   1.3696381e+00   1.1949997e-01   4.0846683e-03  -7.8643153e-03   4.1399878e-03
   7.0572814e-02   1.4298565e+00   2.4710110e-01   2.9240657e-03  -7.5904521e-03   3.7264713e-03
   4.5452124e-02   1.4034270e+00   1.4546007e-01   3.0503330e-03  -7.2774965e-03   4.0404120e-03
   6.7460185e-02   1.2842389e+00   1.6279099e-02   4.8411065e-03  -7.7143175e-03   3.7480923e-03
   3.3493564e-02   1.5609727e+00   1.1637493e-01   2.2358890e-03  -6.9473340e-03   3.6070176e-03
   4.3162465e-02   1.3654074e+00   1.8209320e-03   4.0389454e-03  -7.2090803e-03   3.8279732e-03
   4.2065469e-02   1.4044712e+00   1.1187436e-01   3.3274584e-03  -6.8939821e-03   3.4215643e-03
   3.9203085e-02   1.3319607e+00   6.4326859e-02   4.3886513e-03  -6.9411118e-03   3.6849668e-03
   5.0950965e-02   1.1816170e+00   9.6444595e-02   5.4810535e-03  -7.0700082e-03   3.1709329e-03
   4.0101049e-02   1.3222461e+00   1.6788789e-01   4.1471363e-03  -6.8874869e-03   3.3620236e-03
   7.4304384e-02   1.0981608e+00   8.7690589e-02   6.0662542e-03  -7.4334535e-03   3.4403425e-03
   4.4399971e-02   1.2645031e+00   2.2702084e-01   4.1716132e-03  -6.9202781e-03   3.1000813e-03
   5.2213676e-02   1.1426233e+00   1.1098825e-01   5.4031680e-03  -7.0897544e-03   3.1137225e-03
   4.6570156e-02   1.1753954e+00   2.4704154e-01   4.9155977e-03  -7.1511897e-03   3.0390845e-03
   4.2294901e-02   1.1755479e+00   1.8088732e-01   5.1233281e-03  -7.0201905e-03   3.5440244e-03
   8.9856530e-02   1.1159965e+00   1.4047814e-01   5.9931497e-03  -7.4868258e-03   3.6013488e-03
   5.5851340e-02   1.3147308e+00   2.3428995e-01   3.5613455e-03  -7.0638093e-03   3.6263685e-03
   7.6320977e-02   1.2249941e+00   1.4689629e-01   4.4781514e-03  -7.3188925e-03   3.5282636e-03
   5.5893287e-02   1.2966472e+00   2.5174391e-01   3.7626834e-03  -7.1060874e-03   3.2301093e-03
   6.2190317e-02   1.2508952e+00   1.8221071e-01   4.2597808e-03  -7.0711397e-03   3.8893064e-03
   8.4644059e-02   1.1179775e+00   1.0072883e-01   5.8243334e-03  -7.2060187e-03   4.1168529e-03
   9.0920267e-02   1.3341537e+00   1.8152034e-01   3.8109416e-03  -7.0460179e-03   3.8601054e-03
   1.0745482e-01   1.3524655e+00   8.1624768e-02   4.3416113e-03  -7.2976443e-03   4.3540054e-03
   1.3478724e-01   1.3167735e+00   2.0971664e-02   4.7007214e-03  -7.3030395e-03   4.6600053e-03
   1.4016676e-01   1.4916486e+00   2.0499034e-01   2.8783518e-03  -7.7108551e-03   4.5954766e-03
   1.1114729e-01   1.3721998e+00   1.4010744e-01   3.8905256e-03  -7.3061076e-03   4.5725226e-03
   1.1109734e-01   1.3391827e+00   1.5034995e-01   4.5433183e-03  -7.2489952e-03   4.6298895e-03
   1.0028649e-01   1.4019330e+00   2.0692288e-01   3.4263027e-03  -7.4018774e-03   4.1082833e-03
   1.1553889e-01   1.2858436e+00   2.4927836e-02   4.9933911e-03  -7.2578776e-03   4.1349389e-03
   7.0557842e-02   1.3982600e+00   1.2401637e-01   4.1126512e-03  -7.0064077e-03   3.9156395e-03
   9.8925965e-02   1.5190712e+00   1.2719610e-01   3.6744574e-03  -7.1313337e-03   4.3504704e-03
   8.5505143e-02   1.2250701e+00  -4.3379541e-02   6.1853622e-03  -7.0967347e-03   4.2675920e-03
   1.0906230e-01   9.3948482e-01  -2.8644996e-01   1.0326901e-02  -7.0127205e-03   4.4269445e-03
   1.0423800e-01   1.2556933e+00  -1.2650194e-01   8.8803387e-03  -5.7193038e-03   5.1863545e-03
   6.9542084e-02   1.2225507e+00  -1.1292962e-01   8.7827087e-03  -5.5211499e-03   5.2381198e-03
   6.9533238e-02   1.0919708e+00  -1.3780957e-01   9.2254987e-03  -5.2042887e-03   4.8334871e-03
   6.5184637e-02   1.2421825e+00  -1.3008495e-02   7.9238211e-03  -5.1591639e-03   4.3907263e-03
   5.6712916e-02   1.1667824e+00  -6.0492610e-02   8.2955078e-03  -5.1490031e-03   4.6410652e-03
   6.6932747e-02   1.0682117e+00  -1.4467936e-02   8.7040294e-03  -5.2409450e-03   4.1087153e-03
   6.1357879e-02   1.2094302e+00   4.2936898e-02   7.6200134e-03  -5.2061772e-03   4.5528626e-03
   6.7528860e-02   9.8388347e-01  -4.7715400e-02   9.7163091e-03  -5.3516583e-03   4.5540885e-03
   6.3123734e-02   1.1386900e+00   8.6588104e-02   8.1455230e-03  -5.0437019e-03   4.2754197e-03
   5.1617942e-02   1.0844605e+00  -4.0113332e-02   8.9166240e-03  -5.1208669e-03   4.5429533e-03
   3.3428314e-02   1.0471178e+00   3.3034968e-02   8.4216784e-03  -4.7140235e-03   3.7038940e-03
   1.3509269e-02   1.1848254e+00   6.8912549e-02   7.2165750e-03  -4.5853553e-03   3.8931355e-03
   4.9464967e-02   9.6861963e-01  -1.4669650e-02   9.2226568e-03  -5.1959030e-03   3.7759162e-03
   2.9190915e-02   1.1632022e+00   9.4901082e-02   7.0536725e-03  -4.6617629e-03   3.6610972e-03
   6.0707255e-02   9.9828531e-01  -1.9503552e-02   9.0382607e-03  -5.2705085e-03   3.7284435e-03
   4.2988007e-02   1.1112757e+00   1.4141757e-01   7.2909961e-03  -4.9771630e-03   3.4436026e-03
   1.5622794e-02   1.0750590e+00   6.0467677e-02   7.7589739e-03  -4.6579077e-03   4.0199504e-03
   5.1533772e-02   1.0403835e+00   8.0788687e-02   7.8225019e-03  -5.1915401e-03   3.5011369e-03
   4.2802029e-02   1.2822751e+00   2.4346227e-01   4.6075864e-03  -5.0199065e-03   3.2975174e-03
   6.3872389e-02   1.3181783e+00   1.6596915e-01   4.0334188e-03  -5.0979019e-03   3.3858010e-03
   7.1455527e-02   1.2753224e+00   1.6958843e-01   4.1683474e-03  -5.2189998e-03   3.0546658e-03
   5.4813691e-02   1.3283292e+00   1.9837116e-01   4.5907377e-03  -5.1735786e-03   3.4896874e-03
   5.1017790e-02   1.2144758e+00   4.5213070e-02   6.1356350e-03  -5.5273929e-03   3.6484179e-03
   4.0555671e-02   1.2044072e+00   5.4862415e-02   6.4018656e-03  -5.3156549e-03   3.4485036e-03
   2.1702053e-02   1.3847725e+00   7.2327355e-02   5.0210914e-03  -5.0846346e-03   3.6280358e-03
   2.3116135e-02   1.1796611e+00   6.9108038e-04   6.8837617e-03  -5.2506641e-03   3.3558012e-03
   2.3809802e-02   1.3466432e+00   1.5875193e-01   4.8375225e-03  -5.1093001e-03   3.3109723e-03
   4.9756777e-02   1.1524161e+00   3.1030869e-02   6.9927351e-03  -5.6723325e-03   3.6410846e-03
   5.4072976e-02   1.1974724e+00   1.4746132e-01   6.0060350e-03  -5.5652022e-03   2.9600331e-03
   2.6631475e-02   1.2431063e+00   1.3836736e-01   5.5843020e-03  -5.1596688e-03   3.5076174e-03
   5.3260839e-02   1.0631883e+00   7.6812787e-02   7.3501096e-03  -5.5631511e-03   3.0702604e-03
   3.3084270e-02   1.2659894e+00   2.3784112e-01   5.1204248e-03  -5.0189438e-03   3.4957838e-03
   6.0090326e-02   1.1502323e+00   7.7084321e-02   6.4181366e-03  -5.6478731e-03   3.1566884e-03
   3.1691191e-02   1.2658012e+00   2.0019425e-01   4.7367961e-03  -4.9747745e-03   3.4107012e-03
   3.7784497e-02   1.2371669e+00   6.1880297e-02   5.7787610e-03  -5.2453209e-03   3.2003620e-03
   2.5607968e-02   1.2845328e+00   1.5029108e-01   5.1822192e-03  -4.2021468e-03   3.2918340e-03
   7.3506203e-02   1.4282465e+00   2.4581420e-01   3.8399587e-03  -4.5985890e-03   3.9227521e-03
   9.1807202e-02   1.3719306e+00   1.7574004e-01   4.1483801e-03  -4.6326797e-03   3.4917694e-03
   1.0900524e-01   1.5269119e+00   3.4221414e-01   2.4908937e-03  -5.5235173e-03   3.2968183e-03
   7.6323861e-02   1.4083761e+00   2.3192908e-01   3.6077463e-03  -5.0579754e-03   3.3464441e-03
   7.3072534e-02   1.3281618e+00   2.2949128e-01   4.6509630e-03  -5.0175246e-03   3.1119275e-03
   4.7011563e-02   1.3393207e+00   2.1632358e-01   4.8411779e-03  -4.8868435e-03   3.7601871e-03
   5.7799272e-02   1.1883188e+00   5.1299835e-02   6.4570308e-03  -5.2082974e-03   3.6069631e-03
   4.1559991e-02   1.3862634e+00   1.5591392e-01   4.6020322e-03  -4.7975830e-03   3.6360776e-03
   3.6513162e-02   1.2680569e+00   2.6544903e-02   6.0926893e-03  -5.0366168e-03   3.6329647e-03
   5.5306605e-02   1.3626561e+00   1.7925798e-01   4.2915123e-03  -5.2277097e-03   3.2581341e-03
   6.3202195e-02   1.4141287e+00   2.1569885e-01   4.0953557e-03  -5.1651008e-03   3.6454885e-03
   8.7383010e-02   1.3249965e+00   1.4395103e-01   4.7510103e-03  -5.4625476e-03   3.3808365e-03
   1.1054181e-01   1.4491340e+00   2.7048500e-01   3.3280621e-03  -5.8384176e-03   3.2831405e-03
   8.9579845e-02   1.3932169e+00   2.5505531e-01   3.7973210e-03  -5.6362506e-03   3.4475337e-03
   7.8279469e-02   1.2948865e+00   1.7860278e-01   4.5106311e-03  -5.2864770e-03   3.2839979e-03
   7.6554090e-02   1.3760738e+00   2.5181774e-01   4.3251238e-03  -5.4658121e-03   3.4890191e-03
   6.8928375e-02   1.2272728e+00   8.6666350e-02   5.9929667e-03  -5.3269776e-03   3.9862177e-03
   8.2926739e-02   1.2888111e+00   1.1971369e-01   5.4596788e-03  -5.4525987e-03   3.6233800e-03
   4.0822950e-02   1.4791326e+00   1.5482780e-01   4.0156462e-03  -5.3639430e-03   3.4319648e-03
   8.5803019e-02   1.4758462e+00   6.8432953e-02   3.9685519e-03  -6.3803924e-03   2.5128033e-03
   8.6918295e-02   1.5919009e+00   2.5596536e-01   2.1107359e-03  -6.3062377e-03   2.4903429e-03
   7.8319570e-02   1.5857203e+00   1.7501506e-01   2.3525297e-03  -6.9643909e-03   2.5390648e-03
   9.8841867e-02   1.5376861e+00   7.9988516e-02   3.3810993e-03  -7.5922454e-03   2.0632192e-03
   7.1500291e-02   1.5507001e+00   2.5308089e-01   3.3851250e-03  -6.6369277e-03   2.0892141e-03
   7.1482723e-02   1.4680265e+00   1.7464608e-01   4.1358638e-03  -6.4831238e-03   2.9285532e-03
   7.4044273e-02   1.3294805e+00   7.8429715e-02   5.4413335e-03  -6.7332189e-03   2.2486188e-03
   4.9220345e-02   1.5485863e+00   1.7098413e-01   3.5422355e-03  -5.9721887e-03   2.8640636e-03
   6.6784849e-02   1.4336928e+00   2.3994882e-02   4.8875112e-03  -6.4487175e-03   2.3000471e-03
   8.2385974e-02   1.6155727e+00   2.2578086e-01   2.5918805e-03  -6.6109295e-03   1.9878451e-03
   4.5235670e-02   1.5196146e+00   1.7719208e-01   3.5677808e-03  -6.8031997e-03   1.9251891e-03
   1.2297093e-01   1.5748266e+00   1.3071915e-01   3.4219735e-03  -8.0951963e-03   1.2880480e-03
   9.5845178e-02   1.6052091e+00   2.2233309e-01   3.2614523e-03  -7.8418038e-03   1.3182314e-03
   9.1079377e-02   1.5478588e+00   2.4367956e-01   3.6876100e-03  -7.5064972e-03   1.2077551e-03
   6.9425470e-02   1.5099722e+00   2.5724616e-01   4.1561247e-03  -6.8154706e-03   2.1621637e-03
   7.2600839e-02   1.3628497e+00   1.0726978e-01   5.7220487e-03  -7.1781776e-03   1.7908819e-03
   5.1371070e-02   1.5638983e+00   2.0950649e-01   3.7701634e-03  -6.7168178e-03   1.6678504e-03
   6.7156167e-02   1.5034583e+00   9.0963589e-02   4.6476172e-03  -6.5571899e-03   2.1092836e-03
   8.1927099e-02   1.4540947e+00   1.1966867e-01   5.1296311e-03  -7.0326616e-03   1.1997398e-03
   6.6731343e-02   1.5995481e+00   2.3627662e-01   3.5392814e-03  -6.2868130e-03   2.0161412e-03
   1.2429313e-01   1.4041247e+00   1.2835621e-01   5.5634773e-03  -7.3853670e-03   1.7577982e-03
   9.8202388e-02   1.5826924e+00   3.1707416e-01   3.4127258e-03  -6.8652343e-03   1.9112483e-03
   9.3608712e-02   1.5508233e+00   2.1764166e-01   3.9361825e-03  -7.0026686e-03   1.9590462e-03
   1.3073256e-01   1.6227182e+00   1.6091008e-01   3.5186971e-03  -6.9443786e-03   2.0197576e-03
   1.3192987e-01   1.6468965e+00   2.9392315e-01   2.7262291e-03  -6.6020552e-03   2.5103904e-03
   1.6719633e-01   1.5367462e+00   1.5464233e-01   4.2294512e-03  -7.1795128e-03   2.7317699e-03
   1.6588692e-01   1.5875784e+00   2.4986098e-01   3.3337605e-03  -7.4568895e-03   2.3846307e-03
   1.3113860e-01   1.6048482e+00   3.0810708e-01   2.9871033e-03  -7.3546496e-03   2.5170497e-03
   1.6276874e-01   1.4743413e+00   2.2998019e-01   3.6569996e-03  -7.1485221e-03   2.8097132e-03
   2.0108691e-01   1.6484597e+00   3.4016642e-01   1.3617483e-03  -6.6476810e-03   2.7420377e-03
   1.1853530e-01   1.5900195e+00   2.4368971e-01   2.0867280e-03  -6.0777598e-03   3.0450643e-03
   1.3990405e-01   1.6328283e+00   1.7328256e-01   2.1053667e-03  -6.3301414e-03   3.1117850e-03
   1.1207177e-01   1.7900904e+00   2.9805600e-01   2.9755235e-04  -6.2719560e-03   2.8628467e-03
   7.5326486e-02   1.7309002e+00   2.3271702e-01   1.4033574e-03  -6.3843507e-03   2.7544830e-03
   1.0451511e-01   1.6740814e+00   1.6644215e-01   2.0681543e-03  -6.4833453e-03   2.5097765e-03
   8.1078533e-02   1.7317296e+00   2.0497535e-01   2.6768478e-03  -5.9517539e-03   2.8024950e-03
   7.5667587e-02   1.5729448e+00   5.3466748e-02   4.4534704e-03  -6.0213998e-03   3.1531748e-03
   8.1673702e-02   1.5877217e+00   4.9038210e-02   4.4694394e-03  -6.0573781e-03   2.4547235e-03
   6.1028277e-02   1.7316447e+00   1.0758767e-01   3.0706054e-03  -5.5397087e-03   3.0366109e-03
   9.2927983e-02   1.5448378e+00   3.7173598e-02   4.3462756e-03  -6.2423036e-03   3.0413708e-03
   1.0798447e-01   1.3886372e+00   2.9184532e-03   6.5322386e-03  -6.5769629e-03   2.7107736e-03
   6.2491976e-02   1.3817024e+00  -4.4165950e-02   6.7652930e-03  -6.2087699e-03   3.0732206e-03
   8.0166561e-02   1.3395915e+00   1.0654648e-02   6.9759022e-03  -5.5499261e-03   2.8080528e-03
   7.2839868e-02   1.4909619e+00   8.4301524e-02   6.0246025e-03  -5.3990586e-03   2.8783603e-03
   5.9048293e-02   1.4091446e+00   3.5057440e-02   6.0630881e-03  -5.0023657e-03   3.2536349e-03
   6.0162563e-02   1.3697437e+00   1.1715493e-01   6.3254819e-03  -4.8831010e-03   2.8237177e-03
   6.5083779e-02   1.4069146e+00   1.1654454e-01   6.2752682e-03  -4.9110216e-03   3.2039586e-03
   8.0807644e-02   1.2361309e+00   7.0909621e-02   7.5490989e-03  -5.5410895e-03   2.5500776e-03
   6.2004858e-02   1.4119891e+00   2.3359648e-01   5.6337340e-03  -5.3286124e-03   2.6900171e-03
   9.1329506e-02   1.2707309e+00   1.1258359e-01   7.1030135e-03  -5.3625802e-03   3.1275644e-03
   1.2870609e-01   1.3527557e+00   9.5542368e-02   6.9166580e-03  -5.7192412e-03   2.8152481e-03
   9.4079027e-02   1.4747168e+00   2.9233379e-01   4.7157107e-03  -5.2807044e-03   2.9143978e-03
   1.3569579e-01   1.4939453e+00   1.8467434e-01   4.4122659e-03  -5.8822803e-03   2.9279829e-03
   1.6562794e-01   1.5505735e+00   1.3792035e-01   4.2582013e-03  -6.0246985e-03   3.1159240e-03
   1.2424060e-01   1.5686346e+00   3.1372944e-01   3.7083284e-03  -5.3181377e-03   3.3342552e-03
   1.5928317e-01   1.4904337e+00   1.4091977e-01   4.9734086e-03  -5.8791872e-03   3.5096724e-03
   1.7361866e-01   1.5435709e+00   1.7532776e-01   4.2710114e-03  -6.2169884e-03   3.3988326e-03
   1.1684475e-01   1.6035522e+00   2.7338921e-01   3.4835893e-03  -5.6431824e-03   3.3630200e-03
   1.5099257e-01   1.6136438e+00   9.1348827e-02   4.2595909e-03  -6.1156074e-03   3.8704258e-03
   1.6903532e-01   1.6563190e+00   3.8570060e-02   4.2921776e-03  -6.0347909e-03   3.7163819e-03
   1.2302851e-01   1.7264384e+00   1.9394607e-01   3.6310320e-03  -5.4141342e-03   3.5686309e-03
   1.0252079e-01   1.6549764e+00   8.1508013e-02   4.3555354e-03  -5.2903867e-03   4.0762845e-03
   1.1068669e-01   1.5111679e+00   2.3691186e-02   5.8719294e-03  -5.4298142e-03   3.3305715e-03
   9.8621350e-02   1.7898270e+00   1.1750776e-01   3.4011840e-03  -5.1279760e-03   3.6729960e-03
   1.0853568e-01   1.5751902e+00  -3.1292977e-02   5.7598282e-03  -5.5700641e-03   3.3505104e-03
   1.1552831e-01   1.6260054e+00   8.8363643e-02   4.7362607e-03  -5.4786180e-03   3.0200549e-03
   1.0761959e-01   1.6408372e+00   1.4095322e-01   4.2092393e-03  -5.4023257e-03   3.4217617e-03
   1.2615303e-01   1.5785479e+00  -2.6953463e-02   5.6995890e-03  -5.4614557e-03   3.5852941e-03
   1.1077748e-01   1.7690652e+00   7.4634521e-02   4.0909288e-03  -4.9191793e-03   3.7174756e-03
   9.9457753e-02   1.6918000e+00   1.7904852e-01   4.2108876e-03  -4.6545821e-03   4.0763582e-03
   1.2710713e-01   1.5490041e+00   6.7360459e-02   5.6558117e-03  -5.1918927e-03   3.6946404e-03
   9.6468848e-02   1.6354807e+00   2.5035985e-01   3.9383261e-03  -4.8215938e-03   3.4368625e-03
   7.9008458e-02   1.5264727e+00   1.2839055e-01   5.1221840e-03  -4.6472412e-03   3.6985632e-03
   8.8239084e-02   1.4955508e+00   1.4977063e-01   5.0908766e-03  -5.0530462e-03   3.1343007e-03
   1.0456486e-01   1.7215250e+00   2.3220347e-01   2.8825222e-03  -5.2284606e-03   3.0982939e-03
   1.0321142e-01   1.6227412e+00   1.9544567e-01   3.9300531e-03  -5.2435133e-03   3.2780344e-03
   1.4694376e-01   1.6134994e+00   8.8943149e-02   4.5066282e-03  -5.2459008e-03   3.7931730e-03
   1.8006414e-01   1.6867794e+00   1.2750543e-01   3.7350461e-03  -5.3607569e-03   3.9117965e-03
   1.5702631e-01   1.6783588e+00   2.3884660e-01   3.5755403e-03  -5.0966722e-03   4.0186571e-03
   1.2757227e-01   1.5534274e+00   1.1915936e-01   4.7689742e-03  -4.8789467e-03   3.5675306e-03
   1.0957959e-01   1.6783543e+00   2.7954299e-01   3.4348679e-03  -4.8563944e-03   3.5020262e-03
   1.0937444e-01   1.5513999e+00   9.7686360e-02   4.8671942e-03  -4.9609743e-03   3.8984609e-03
   1.1032223e-01   1.6743916e+00   1.4556749e-01   3.8861094e-03  -4.9705363e-03   3.4720656e-03
   9.0178810e-02   1.7783338e+00   1.8957418e-01   3.1062707e-03  -4.7469064e-03   3.6566132e-03
   1.1254348e-01   1.6270201e+00   9.0185716e-02   4.3954184e-03  -4.5637665e-03   3.9890588e-03
   1.2443976e-01   1.6531116e+00   1.9110013e-01   4.5761203e-03  -4.7535381e-03   3.6533168e-03
   1.0295192e-01   1.7541243e+00   2.3634800e-01   3.4582262e-03  -4.7329402e-03   3.6773363e-03
   1.2267781e-01   1.5654241e+00   1.1619787e-01   5.2088033e-03  -4.8624426e-03   3.6677449e-03
   9.9074166e-02   1.6348034e+00   2.5078255e-01   4.1277800e-03  -4.7938432e-03   3.4944006e-03
   9.2337600e-02   1.7034855e+00   2.8095963e-01   3.9020425e-03  -4.8612248e-03   3.6398696e-03
   8.9180755e-02   1.5216090e+00   1.6641303e-01   5.3842123e-03  -4.5274389e-03   3.4192385e-03
   9.5608930e-02   1.7291240e+00   2.5586437e-01   3.9572883e-03  -4.6365685e-03   3.4384622e-03
   6.4226670e-02   1.4955739e+00   1.0596938e-01   6.3557372e-03  -4.4517875e-03   3.2116658e-03
