0
27.0289 
30.472 
26.8813 
25.1776 
26.649 
29.1948 
29.7406 
25.7132 
24.9252 
26.6615 
29.5639 
26.0277 
25.7619 
26.5153 
24.8928 
23.4586 
24.7249 
27.2718 
25.2146 
23.2619 
22.1961 
21.2753 
22.2404 
24.0908 
26.4275 
26.1858 
25.2827 
24.984 
25.4025 
26.5557 
25.4595 
23.2315 
21.1407 
21.6779 
22.8279 
24.311 
27.7538 
24.1834 
23.563 
22.7575 
21.7271 
22.5109 
24.7181 
26.0047 
25.4122 
24.153 
23.9812 
24.2001 
23.7388 
26.6072 
25.1955 
24.8122 
24.8846 
26.6342 
27.4806 
24.8685 
24.2957 
21.1539 
22.8478 
26.7256 
27.468 
24.436 
22.2655 
23.2973 
23.4002 
23.5397 
24.4725 
22.3909 
23.771 
25.3007 
24.3914 
23.3165 
23.0096 
26.1596 
24.0037 
21.3957 
22.0416 
25.2038 
24.3303 
24.1445 
23.8772 
22.9868 
22.264 
23.4305 
23.7516 
21.5584 
23.0485 
24.8779 
26.2425 
24.6474 
22.4348 
22.24 
21.1372 
21.1476 
22.3519 
23.01 
23.1768 
22.8676 
20.9761 
21.1323 
22.8115 
23.3321 
22.2445 
21.0892 
20.9929 
21.8629 
22.8155 
22.8199 
22.4329 
23.3039 
23.5647 
22.3309 
21.1512 
23.2276 
24.4224 
25.6334 
25.4247 
25.1332 
26.798 
22.8297 
23.2699 
24.7367 
27.4217 
24.6775 
22.5698 
21.4383 
22.0059 
24.5058 
25.9664 
23.8802 
22.9636 
23.5248 
22.6814 
22.4004 
22.6766 
21.2401 
21.8249 
21.9485 
21.3158 
22.9758 
22.2491 
21.9816 
24.608 
25.8988 
25.0731 
28.1049 
25.3091 
29.7549 
25.9662 
25.9299 
24.7143 
22.3231 
25.453 
24.273 
23.1951 
24.0435 
24.017 
24.529 
23.8128 
21.6716 
22.6916 
26.0256 
24.8487 
23.3895 
23.5436 
21.5967 
23.2363 
24.9381 
23.5441 
23.0875 
22.4494 
22.8869 
23.4839 
23.0342 
22.5443 
25.7241 
25.1088 
25.0786 
25.6889 
22.6348 
23.1201 
22.6369 
24.061 
23.3736 
23.9904 
24.1835 
22.1781 
21.2596 
22.2225 
22.1681 
22.6011 
21.9646 
22.4782 
23.849 
24.28 
22.7563 
23.7782 
23.1051 
21.861 
22.7996 
24.7484 
23.6518 
22.6791 
22.6787 
23.0515 
22.536 
22.8034 
23.0213 
26.4931 
26.6921 
24.1204 
23.5934 
23.2304 
23.8791 
23.9067 
24.345 
26.7015 
23.4872 
23.5585 
25.6135 
27.4481 
26.49 
23.9474 
23.3847 
23.1224 
21.8428 
22.2412 
22.16 
21.8941 
22.5651 
24.4233 
22.3041 
23.2136 
23.7153 
23.1626 
23.8093 
22.7708 
24.2477 
24.3125 
23.2247 
23.8468 
24.2825 
23.0802 
23.3334 
27.7871 
27.827 
23.0304 
22.9447 
24.0809 
21.6553 
24.2094 
25.0565 
22.255 
24.8636 
25.2148 
22.8783 
24.0876 
25.0359 
22.8901 
23.9433 
23.4661 
22.8305 
24.1075 
25.2062 
24.2156 
24.9047 
26.6319 
24.3502 
22.3437 
23.498 
21.131 
23.4653 
22.5102 
23.9517 
22.3888 
23.6747 
24.3253 
26.7956 
26.2989 
24.4304 
24.5299 
25.5448 
25.2943 
26.4666 
23.9068 
22.13 
21.9018 
22.7191 
23.7893 
22.3114 
22.0653 
24.0271 
24.5663 
25.4371 
24.8455 
24.2902 
24.3591 
22.9704 
24.5214 
24.7094 
23.7337 
25.528 
26.8069 
29.0039 
27.5163 
23.3991 
23.9163 
24.6089 
26.2969 
26.5889 
24.2792 
24.3292 
24.0192 
26.7558 
26.9807 
25.8607 
25.2212 
24.1416 
23.8309 
24.3295 
22.6955 
23.1075 
26.4537 
29.4492 
26.5412 
25.204 
25.7162 
25.2034 
24.4073 
25.4878 
23.6857 
25.3304 
24.8555 
28.1787 
27.355 
25.5208 
23.6323 
24.123 
25.0482 
24.4114 
25.1065 
25.0594 
23.1497 
23.8811 
25.3239 
26.5736 
25.7817 
25.1897 
24.8434 
25.4652 
28.7692 
29.7227 
29.7008 
25.802 
25.9936 
25.1724 
27.3699 
25.779 
26.4609 
26.9169 
25.1722 
25.0261 
25.9885 
25.449 
24.32 
23.5288 
25.307 
26.3158 
26.4973 
26.0476 
24.8162 
25.3675 
24.3982 
26.0076 
26.7084 
26.0368 
25.8672 
25.4299 
25.16 
25.4776 
25.7807 
24.0601 
25.2479 
26.004 
24.0729 
24.7035 
27.989 
26.8902 
24.3584 
24.72 
25.9833 
25.5164 
25.9819 
27.5705 
28.2669 
31.606 
28.9177 
28.0156 
27.7103 
26.9146 
27.0059 
27.7225 
29.9747 
28.6716 
27.6649 
25.8995 
25.2707 
25.2923 
24.9252 
27.6888 
29.0778 
29.2954 
31.1816 
30.1262 
25.8227 
25.6424 
26.3371 
25.9912 
26.3086 
25.9848 
26.1198 
24.7909 
24.6193 
27.5701 
30.1942 
28.3482 
25.9972 
25.2973 
25.0479 
24.6416 
27.5212 
27.6836 
26.5464 
27.4208 
25.5305 
24.9245 
25.5426 
25.2165 
31.4013 
30.4308 
28.9965 
26.2135 
26.3252 
24.6236 
24.9617 
28.1498 
27.0752 
25.3144 
26.4901 
25.0375 
27.5241 
26.9466 
28.66 
29.3342 
25.359 
24.6236 
26.1973 
26.0901 
26.1411 
26.2151 
30.7741 
29.4058 
24.7322 
23.7766 
23.6704 
23.8496 
24.2181 
24.4633 
24.945 
24.8047 
24.9182 
24.26 
23.5524 
23.955 
24.8726 
26.0486 
24.7488 
26.1008 
28.8382 
25.6797 
25.2944 
26.8415 
25.765 
24.929 
24.6088 
28.1227 
28.1836 
31.2354 
28.6066 
27.1577 
26.3067 
26.4449 
26.7044 
28.9533 
30.0552 
31.6594 
26.7385 
26.9776 
25.3825 
28.1806 
31.0034 
29.433 
31.0361 
30.563 
27.5877 
26.0402 
25.4975 
26.45 
24.8048 
25.9448 
26.1514 
26.304 
26.7051 
27.5877 
31.006 
26.9493 
27.2887 
27.2672 
26.2046 
25.9817 
28.495 
26.3286 
30.3877 
32.9185 
30.005 
28.0008 
27.0149 
28.8095 
30.6626 
33.2323 
25.7081 
25.8348 
27.8378 
27.2541 
26.747 
27.8477 
31.0572 
27.2893 
25.2609 
26.0777 
28.7181 
32.5246 
29.7319 
31.4254 
26.9891 
27.994 
28.1664 
27.9143 
30.5053 
28.8213 
28.0697 
26.5024 
26.8876 
28.036 
26.9687 
29.1347 
30.5626 
29.3152 
26.3164 
26.3657 
25.2952 
26.0345 
27.6567 
26.2765 
26.4225 
28.2834 
28.5597 
27.5919 
26.8823 
25.5617 
24.9109 
25.5106 
27.989 
29.9258 
27.25 
24.8764 
25.0122 
24.6862 
26.6728 
27.6414 
24.9129 
25.4427 
25.8459 
24.2193 
24.6413 
25.0684 
24.4159 
26.0295 
26.8262 
25.4798 
24.7548 
25.4658 
27.3478 
25.6964 
26.444 
24.1463 
25.0695 
25.5623 
26.3043 
27.4398 
26.6123 
27.0755 
24.2324 
26.434 
30.1303 
26.8211 
25.8738 
26.7152 
29.4582 
27.5235 
26.4924 
24.9231 
26.8936 
27.3865 
30.1754 
26.7904 
25.3882 
26.1182 
26.5192 
26.1651 
27.4918 
29.3971 
27.2114 
25.0447 
23.9956 
23.567 
23.7385 
27.0477 
27.1904 
29.8225 
27.18 
27.6624 
26.0229 
28.437 
29.1513 
26.0282 
25.7564 
25.5532 
25.5172 
25.3462 
28.5215 
30.935 
27.0808 
25.3504 
24.1683 
23.8881 
24.8986 
28.1413 
27.7181 
30.2817 
28.2907 
26.3698 
25.0873 
24.6813 
28.406 
28.5203 
29.7116 
25.2359 
24.9977 
24.2837 
25.698 
26.8642 
26.1628 
29.3378 
31.5285 
28.4155 
24.7169 
24.6273 
23.6732 
22.6684 
24.327 
27.308 
25.4288 
25.54 
23.0342 
23.5111 
24.5337 
24.7061 
24.8848 
27.1277 
23.4013 
22.9371 
25.7348 
25.0774 
24.4603 
23.5008 
22.5348 
22.6432 
24.1617 
24.8179 
24.7682 
27.3702 
24.595 
23.3948 
24.2847 
23.754 
23.745 
22.5958 
23.6221 
24.7463 
23.1815 
22.1111 
22.0898 
25.1288 
27.7304 
28.4928 
24.7 
24.5421 
24.04 
28.5703 
30.2011 
26.4692 
25.0051 
24.2993 
28.0708 
29.6921 
26.7873 
24.8989 
24.4834 
23.9879 
25.4969 
24.2754 
24.848 
24.1991 
24.4661 
24.3669 
24.4089 
24.8937 
23.4639 
26.8349 
27.8988 
28.0951 
25.5861 
24.8682 
24.0051 
24.0153 
24.6029 
26.9483 
26.287 
26.7137 
26.8142 
28.0404 
26.6964 
26.581 
23.6446 
24.3632 
25.3425 
25.454 
25.6251 
26.2936 
26.086 
26.0481 
26.1281 
29.0124 
26.4068 
25.1069 
26.1462 
25.4361 
25.4984 
27.5771 
27.1975 
28.0851 
25.1363 
25.2293 
26.4626 
25.5546 
27.2535 
27.4897 
27.2793 
25.1938 
27.4085 
28.2886 
24.0054 
23.8814 
22.4966 
23.8603 
27.2547 
28.4993 
29.2074 
24.2392 
24.2741 
27.3179 
25.4516 
26.7809 
26.9367 
31.1463 
26.631 
25.4693 
25.275 
27.84 
29.6305 
25.4466 
23.8974 
25.1621 
25.2207 
26.2929 
27.1687 
25.99 
25.7903 
27.5514 
27.5024 
28.0181 
25.277 
26.8135 
26.3993 
27.8349 
28.6016 
27.244 
28.0983 
27.5551 
31.0233 
26.025 
25.8837 
26.5033 
26.9666 
27.1572 
26.9374 
25.8335 
25.0023 
