   0.0000000e+00   0.0000000e+00   0.0000000e+00   0.0000000e+00   0.0000000e+00   0.0000000e+00
   6.5163985e-03   1.6236445e-01   1.1979614e-01  -2.1535566e-04  -2.1253014e-04   7.0537090e-06
  -1.7711110e-02   7.6127420e-02   3.8100798e-02   2.3406270e-03  -7.5053271e-05  -7.2002006e-04
   4.8176743e-03   1.7396326e-02  -1.4011756e-02   2.6219911e-03  -8.5558199e-04  -4.3120343e-04
  -1.3028037e-02   1.8914450e-01   4.5031006e-02   1.8917506e-03  -2.0026863e-04   6.9317650e-05
  -5.3125509e-04   1.1622402e-01  -2.5653923e-03   2.1654722e-03  -3.7524869e-04   2.0684865e-04
  -1.2823071e-03   1.5127149e-01   9.7806264e-03   1.7008039e-03  -3.9803638e-04  -8.2481852e-05
   4.2343356e-04   9.3547560e-02  -9.0261139e-03   2.1151448e-03  -3.9363920e-04  -3.6793671e-04
   1.0983393e-02   1.4494540e-01   1.4803701e-02   1.6976558e-03  -6.5449492e-04  -4.9250873e-04
   4.8801366e-03   4.6095904e-02  -6.0127412e-02   2.2638338e-03  -3.4748351e-04  -4.6914094e-04
  -8.0985422e-04   1.9232883e-01   5.6507532e-02   1.9930326e-03  -4.2881357e-05  -3.2666410e-04
   1.5883612e-02   6.5547304e-02  -4.3727512e-02   2.2064415e-03  -8.0759926e-04  -5.7810813e-04
   2.2007995e-02   1.4275529e-01   2.9058566e-02   1.6831198e-03  -9.5592685e-04  -3.4076968e-04
   9.3239041e-03   9.1976884e-02  -3.8545182e-02   2.0970792e-03  -7.2158120e-04  -3.9523078e-04
  -2.0416178e-02   1.5894454e-01  -7.6076200e-03   1.2679942e-03  -7.8288543e-05   1.1848126e-04
  -1.4380517e-02   1.3916533e-01  -1.2586272e-02   1.1101247e-03   5.8497516e-05  -1.3194483e-04
  -2.2224145e-02   1.7870495e-01  -2.5789785e-02   1.5446960e-03   4.4817477e-05  -4.5360539e-05
  -2.4885884e-02   1.2719355e-01  -5.9400854e-02   1.5500168e-03   3.6198847e-05  -3.0171938e-04
  -2.7051023e-02   1.7533345e-01   2.7289335e-02   1.7334468e-03  -6.6307580e-05  -7.0319147e-04
  -2.8654058e-02   1.7451662e-01  -7.3013783e-03   1.7436279e-03  -2.8410970e-04  -8.3203634e-04
  -3.0403329e-02   1.5245795e-01   2.5061769e-02   1.7331535e-03  -1.2651962e-04  -8.3753259e-04
  -2.5278540e-02   1.8336518e-01   9.6159529e-03   1.6268784e-03  -3.1542873e-04  -7.4415569e-04
  -3.5650820e-02   1.4456596e-01  -5.5550013e-03   1.5953106e-03  -1.1266830e-04  -8.0814384e-04
  -4.1534543e-02   2.1339712e-01   1.2159722e-02   1.4337536e-03  -2.1267355e-04  -8.1242070e-04
  -2.8593780e-02   1.3287180e-01   1.9254451e-03   1.4319227e-03  -2.8824904e-04  -1.0421809e-03
  -3.1203884e-02   2.8655324e-01   8.7348534e-02   1.1690799e-03  -5.0586083e-04  -9.2581369e-04
  -2.6024741e-02   1.3139725e-01  -2.8422384e-02   1.3100144e-03  -2.0146537e-04  -8.8730982e-04
  -2.8298431e-02   2.3856830e-01   7.1893604e-02   1.3367087e-03  -2.5583617e-04  -9.5642251e-04
  -2.3414713e-02   1.9063577e-01  -3.6856621e-03   1.3192099e-03  -5.1391783e-04  -1.0136194e-03
  -3.2516550e-02   2.1139538e-01   1.2137308e-02   1.6762804e-03  -3.6088853e-04  -1.2035025e-03
  -3.6302026e-02   2.3085514e-01  -1.0265451e-02   1.4576341e-03  -2.5787967e-04  -1.2029120e-03
  -3.7751305e-02   2.9063968e-01   3.5225186e-02   1.1093787e-03  -3.6438442e-04  -1.2809575e-03
  -3.9696316e-02   2.7175983e-01  -1.3873016e-03   1.1736937e-03  -4.5931313e-04  -1.3614202e-03
  -2.1588095e-02   2.1944358e-01  -1.3119320e-02   1.4367423e-03  -6.9597814e-04  -1.5798936e-03
  -3.2574500e-02   3.0112132e-01   2.6769104e-02   8.7600398e-04  -5.4046082e-04  -1.6085769e-03
  -2.2615658e-02   1.9013879e-01  -1.1727645e-02   1.2704303e-03  -6.5165066e-04  -1.6218812e-03
  -3.3427538e-02   3.1234420e-01   2.4344981e-02   8.9672834e-04  -6.3700099e-04  -1.5997125e-03
  -4.1382697e-02   2.6981250e-01  -4.5928479e-02   6.3274276e-04  -4.6260760e-04  -1.4093961e-03
  -2.4814874e-02   1.5631752e-01  -5.4533807e-02   6.1386013e-04  -7.0796314e-04  -1.5062181e-03
  -5.1707326e-02   2.6891128e-01   4.0263597e-03   7.6871440e-04  -4.3291348e-04  -1.5233918e-03
  -5.9713710e-02   2.5850811e-01   1.6789799e-03   6.2419689e-04  -4.4531258e-04  -1.8526417e-03
  -5.2423009e-02   2.5919658e-01   2.5999387e-03   5.4237379e-04  -5.4806224e-04  -1.9817458e-03
  -4.6864353e-02   2.8849754e-01   5.7929543e-03   9.4509687e-05  -6.0965359e-04  -1.9514012e-03
  -3.5564529e-02   2.9842369e-01   2.7633925e-02  -7.6531681e-06  -5.1554101e-04  -1.6711522e-03
  -4.9217318e-02   3.0634109e-01  -1.5776872e-02  -1.3874106e-04  -1.1421384e-04  -1.5915554e-03
  -3.8228012e-02   2.6645523e-01  -1.7524327e-02  -3.5967443e-04  -1.5268164e-04  -2.0216694e-03
  -4.4476529e-02   3.3053113e-01  -1.1106684e-02  -6.7112172e-04  -3.6364626e-04  -1.9771527e-03
  -4.0125312e-02   2.8204405e-01   7.0941390e-04  -2.7520420e-04  -1.8887532e-04  -1.9805393e-03
  -3.7881604e-02   3.6723609e-01  -1.8786621e-02  -6.6308540e-04  -4.7102430e-04  -1.5206693e-03
  -3.7112258e-02   2.7891455e-01  -4.7933140e-02  -5.7163904e-04  -2.8306968e-05  -1.4110910e-03
  -4.5732321e-02   3.2774812e-01  -2.5213791e-02  -6.1678951e-04  -7.5035857e-05  -1.5776519e-03
  -4.4922122e-02   2.8206539e-01  -2.8476969e-02  -5.4077339e-04   1.7635251e-05  -1.5437871e-03
  -4.3533897e-02   3.4476471e-01   4.4677019e-03  -7.5387411e-04  -1.3638813e-04  -1.6020286e-03
  -5.4285775e-02   2.8992342e-01  -2.6248543e-02  -6.3560341e-04   1.4502011e-04  -1.7107924e-03
  -5.3620720e-02   4.3267578e-01  -2.4560322e-02  -1.3348839e-03   5.0532547e-05  -1.6546382e-03
  -5.9508497e-02   2.7171060e-01  -9.5007056e-02  -9.1637893e-04   2.9488270e-04  -1.4612003e-03
  -6.7536610e-02   3.7912781e-01   3.1811825e-02  -1.2053132e-03   4.2622515e-04  -1.6507725e-03
  -7.4381575e-02   3.4598094e-01  -1.3313792e-02  -1.2471455e-03  -7.7393242e-05  -2.0465679e-03
  -7.1504791e-02   2.9543675e-01  -1.6565494e-02  -1.0315498e-03   1.1927888e-04  -1.8434663e-03
  -6.2594508e-02   3.3603949e-01  -1.6336304e-02  -1.4238578e-03   9.8810475e-05  -1.7122787e-03
  -7.1610158e-02   4.7149098e-01   6.8610308e-03  -1.1452167e-03   2.3593586e-04  -2.1164849e-03
  -7.3970646e-02   4.4244201e-01  -1.4898255e-01  -1.2492559e-03   1.2765284e-04  -1.5652770e-03
  -7.3732895e-02   2.3581745e-01  -1.0946145e-01  -1.5925518e-03  -1.9497196e-04  -1.0562651e-03
  -8.6419685e-02   3.9295797e-01  -5.6137661e-02  -1.5830086e-03  -1.6069583e-04  -1.5558217e-03
  -9.1850850e-02   3.6450313e-01  -2.7981286e-02  -1.2391902e-03  -7.8612763e-05  -1.5825699e-03
  -9.3555933e-02   3.0201569e-01  -4.4862056e-02  -1.0576528e-03   1.5668901e-05  -1.5153979e-03
  -9.6935713e-02   4.2191529e-01   1.1436460e-02  -1.5741672e-03   3.1940091e-04  -1.8174743e-03
  -9.1965521e-02   4.0126428e-01  -1.4050277e-02  -1.7089342e-03   6.7375510e-05  -1.6375430e-03
  -1.0227737e-01   3.2020893e-01  -4.5867186e-02  -1.4047125e-03   1.8409927e-04  -1.6709634e-03
  -9.2553026e-02   4.5997860e-01  -2.8071704e-03  -1.7325661e-03   1.7556907e-05  -1.6557107e-03
  -8.8668905e-02   3.1216432e-01  -5.9019470e-02  -1.3201624e-03  -5.7786595e-05  -1.9119190e-03
  -1.0485623e-01   3.9841241e-01  -7.8643601e-03  -1.4708444e-03   3.1199885e-04  -1.8825522e-03
  -9.5563308e-02   3.7040042e-01  -3.5315770e-02  -1.6531244e-03  -2.4758827e-05  -1.8175259e-03
  -9.1357083e-02   3.8842380e-01   1.5039361e-02  -1.5313852e-03   2.0954500e-05  -1.8601435e-03
  -8.0839237e-02   4.0187732e-01   1.7947531e-02  -1.1543267e-03  -5.4893511e-05  -1.3767049e-03
  -1.0075316e-01   3.5364295e-01   1.1556117e-03  -1.3503898e-03   4.6364355e-04  -1.5398203e-03
  -8.9303162e-02   3.7284080e-01   9.8471572e-03  -1.4992129e-03   3.1039616e-04  -1.4001407e-03
  -9.5978978e-02   4.1782158e-01   5.4549173e-02  -1.4050688e-03   6.6236314e-04  -1.4192475e-03
  -6.2669936e-02   3.9155967e-01   3.7085797e-02  -1.6028705e-03   1.5255416e-04  -1.1786387e-03
  -7.1590670e-02   3.0160724e-01   1.3970969e-02  -1.7030392e-03   5.1303662e-04  -1.0215195e-03
  -5.7488846e-02   4.8161756e-01   3.9360890e-02  -2.2637530e-03   2.2325909e-04  -9.9630503e-04
  -6.3595214e-02   3.5653139e-01   1.0239885e-02  -2.1717426e-03   5.0510861e-04  -7.0344950e-04
  -6.4573954e-02   4.1638790e-01   7.4546430e-02  -1.8863962e-03   4.4793402e-04  -4.5696091e-04
  -5.2546810e-02   3.9947355e-01   3.5585164e-02  -2.1785454e-03   4.6934282e-04  -3.2888009e-04
  -4.9088413e-02   4.2295345e-01   6.2425599e-02  -2.0586385e-03   4.0438587e-04  -1.8213892e-04
  -4.3914850e-02   4.4006988e-01   9.7231728e-02  -2.1276652e-03   4.9807236e-04  -4.2947227e-04
  -4.5471953e-02   3.3560791e-01   9.6226245e-02  -1.9222767e-03   3.7232267e-04  -6.5863530e-04
  -2.2473482e-02   4.5891465e-01   1.3877967e-01  -2.3790940e-03   1.3979950e-05  -6.1903828e-04
  -3.6856858e-02   3.6226731e-01   1.0543226e-01  -2.6399784e-03   4.4742643e-04  -4.4525867e-04
  -2.7905269e-02   4.1738370e-01   1.4692897e-01  -2.3518061e-03   3.6155496e-04  -4.3495447e-04
  -1.9119977e-02   4.1597283e-01   1.4831936e-01  -2.7526120e-03   3.6160833e-04  -6.3189261e-04
  -2.4809560e-02   3.6864968e-01   1.0343243e-01  -2.2041615e-03   5.6785437e-04  -7.3702365e-04
  -8.0951133e-03   4.1989589e-01   1.6173569e-01  -2.4158446e-03   3.5451161e-04  -7.3623974e-04
  -5.8416372e-03   3.7163477e-01   1.4322609e-01  -2.5207372e-03   4.3942509e-04  -7.0756751e-04
  -1.3436953e-03   3.8428258e-01   1.6712975e-01  -2.8026532e-03   6.4059656e-04  -7.2672523e-04
  -1.8129397e-02   3.5463641e-01   1.7291089e-01  -2.8173518e-03   7.2684999e-04  -3.3800666e-04
   9.9761586e-05   4.2189871e-01   2.0857902e-01  -2.8452302e-03   3.4132795e-04  -4.3530006e-04
  -1.6192776e-03   3.7516568e-01   1.5982304e-01  -2.9217614e-03   5.0827444e-04  -3.5440694e-04
   9.9568453e-03   3.6567848e-01   1.8891279e-01  -2.3947330e-03   5.0470686e-04  -2.6784199e-04
   1.6320157e-03   3.9857257e-01   1.4608612e-01  -2.3629723e-03   8.6041828e-04  -6.9012473e-05
   5.3067788e-03   3.7618414e-01   1.6974289e-01  -2.0834272e-03   7.0928298e-04  -7.4963167e-06
   7.9658613e-03   4.3141990e-01   1.9024030e-01  -2.5098279e-03   6.9406629e-04   1.6995023e-04
   5.5927374e-04   3.5771845e-01   1.6918983e-01  -2.9292894e-03   8.2116299e-04   4.4150919e-05
   3.3145454e-03   4.5123234e-01   1.6052007e-01  -3.2789797e-03   5.8540124e-04  -3.2045855e-05
  -6.2678250e-03   3.5890655e-01   1.1935874e-01  -2.7674749e-03   6.3198892e-04   1.0117420e-04
  -1.0333979e-02   5.0318954e-01   1.8289006e-01  -3.1350251e-03   8.6276582e-04   5.4610585e-05
  -1.3733013e-02   3.5454514e-01   1.2120202e-01  -2.8915440e-03   9.9872950e-04   2.6329040e-04
  -2.4880416e-03   4.7418380e-01   1.9854635e-01  -2.7940510e-03   7.9166867e-04   1.1774930e-04
  -1.1991932e-02   4.0195235e-01   1.4143877e-01  -3.0333063e-03   9.0521740e-04   1.4331321e-04
  -7.2748309e-04   4.4079048e-01   2.1694686e-01  -2.8535142e-03   7.0890200e-04  -1.1014716e-04
  -1.7424286e-03   4.3750047e-01   1.6828336e-01  -3.3122884e-03   6.2414038e-04  -8.2894142e-05
   2.7269180e-03   4.4085513e-01   2.0661923e-01  -3.3006278e-03   6.7974109e-04  -3.6312075e-05
   2.9862611e-03   4.3682768e-01   1.5682841e-01  -3.3096587e-03   7.4830393e-04  -1.7417240e-04
  -8.3001240e-04   3.9386686e-01   1.5569448e-01  -3.1026976e-03   7.1000087e-04  -4.6872192e-04
   4.5589015e-03   4.9777996e-01   1.8821697e-01  -3.2795979e-03   4.4648573e-04  -3.4658674e-04
   5.4051878e-03   4.0124914e-01   1.3459712e-01  -3.0215886e-03   5.5898483e-04  -3.2134466e-04
   5.6368614e-03   4.8575242e-01   2.0810370e-01  -3.1438588e-03   5.5895672e-04  -5.3433430e-04
   1.2104863e-03   4.6075511e-01   1.5467736e-01  -3.0606767e-03   6.1263011e-04  -6.8458695e-04
   4.2625339e-03   4.3024175e-01   1.6303181e-01  -3.0161943e-03   3.3824131e-04  -6.3305892e-04
   1.1498005e-02   5.4430423e-01   2.0871998e-01  -3.5248678e-03   4.9380720e-04  -5.9832797e-04
   1.3772186e-02   4.0241159e-01   1.8570418e-01  -3.0786201e-03   4.2912074e-04  -5.1121124e-04
   2.3728723e-03   4.7079001e-01   2.1091105e-01  -3.3747408e-03   7.0529655e-04  -7.7761381e-04
  -7.5673800e-03   4.0932906e-01   1.3752958e-01  -2.8087654e-03   8.1540452e-04  -4.0579139e-04
   4.2549950e-03   4.6907296e-01   2.4550822e-01  -3.2061120e-03   7.5298210e-04  -4.1183254e-04
  -4.3525226e-03   4.3632822e-01   1.5998962e-01  -3.0309598e-03   6.5922487e-04  -5.0469857e-04
   4.0174223e-03   4.6951859e-01   1.7799233e-01  -3.3706938e-03   5.9248075e-04  -5.6430544e-04
  -7.6990624e-03   4.3044478e-01   1.3254101e-01  -3.1816033e-03   5.4995248e-04  -2.0237116e-04
  -1.2383374e-02   4.6197016e-01   1.9377149e-01  -2.7360670e-03   7.3880729e-04  -4.0605440e-04
  -8.1588442e-03   4.7222857e-01   1.2790577e-01  -3.0564048e-03   6.6886912e-04  -1.2164279e-04
  -2.3449591e-02   4.6016930e-01   1.6802610e-01  -2.9821358e-03   1.0332826e-03  -1.9432397e-04
  -1.4076894e-02   5.0069286e-01   1.7464905e-01  -3.2291991e-03   7.8796548e-04  -4.9710012e-04
  -1.8517548e-02   4.3637154e-01   1.2775937e-01  -2.8108766e-03   9.1525527e-04  -6.5020715e-04
  -1.8747517e-02   5.5181129e-01   2.0515141e-01  -3.3788583e-03   8.5472957e-04  -5.3343144e-04
  -1.6295415e-02   4.0237954e-01   1.1916994e-01  -2.7810271e-03   9.2822086e-04  -2.2320937e-04
  -7.3015730e-03   5.2869447e-01   2.4170755e-01  -3.0086117e-03   6.5447444e-04  -4.5325833e-04
  -2.5051480e-03   4.6217936e-01   1.7398163e-01  -3.3232420e-03   6.8366062e-04  -2.5833703e-04
  -6.6734903e-03   4.5222896e-01   2.0279658e-01  -3.3180062e-03   6.7551988e-04  -2.8965119e-04
  -5.6602362e-03   4.8873236e-01   2.0245815e-01  -3.4399157e-03   7.4640435e-04  -3.8273318e-04
  -7.2439623e-03   4.3868731e-01   1.9910540e-01  -3.1572873e-03   9.0448912e-04  -4.3096197e-04
  -8.0439238e-03   4.9245978e-01   2.3510187e-01  -3.4619854e-03   1.1006790e-03  -4.4572127e-04
  -3.4233666e-03   4.1466041e-01   1.9321042e-01  -3.2168134e-03   9.2635620e-04  -3.9940404e-04
  -7.4623050e-03   4.7723891e-01   2.2481129e-01  -3.2041210e-03   1.1626450e-03  -3.6848236e-04
  -1.5971425e-02   4.7752448e-01   1.5609529e-01  -3.1656945e-03   1.0636698e-03  -3.6477064e-04
  -2.4190632e-02   4.5264869e-01   1.8999034e-01  -3.2376901e-03   1.0555218e-03  -3.1317345e-04
  -2.5141251e-02   4.7288427e-01   2.0800284e-01  -2.8578640e-03   9.9386036e-04  -5.5908789e-04
  -2.8794182e-02   3.4533228e-01   1.0051948e-01  -1.6436957e-03   1.0305584e-03  -3.1993540e-04
  -2.8954531e-02   5.5006884e-01   2.0899983e-01  -2.3085980e-03   1.2231678e-03  -1.0512138e-04
  -5.0989658e-02   4.0695255e-01   1.2836663e-01  -2.1964011e-03   1.4912328e-03  -1.6066773e-06
  -3.5859678e-02   4.9737331e-01   2.3541957e-01  -1.9142415e-03   1.1264808e-03  -1.6520044e-04
  -2.4597986e-02   4.3782627e-01   1.5803409e-01  -1.8842973e-03   8.1742077e-04  -3.2688435e-04
  -3.8441723e-02   4.1960415e-01   1.8148464e-01  -1.7992098e-03   1.4049478e-03  -3.5681891e-04
  -4.1410679e-02   5.0843081e-01   1.9260844e-01  -2.3199463e-03   1.6566743e-03  -2.1263567e-04
  -3.3381295e-02   4.0904205e-01   1.2508179e-01  -2.0472920e-03   1.3930281e-03   4.7525647e-05
  -3.1977850e-02   4.5666088e-01   1.5061599e-01  -2.1175678e-03   1.5818896e-03   7.5261267e-05
  -4.0238066e-02   4.9260130e-01   1.1321849e-01  -1.9520491e-03   1.6504678e-03   2.0862558e-04
  -3.7292177e-02   4.1553023e-01   9.4143860e-02  -1.8708252e-03   1.8933314e-03   5.6159192e-04
  -3.3934429e-02   5.5865269e-01   1.7569896e-01  -2.0900174e-03   1.8613291e-03   3.5362266e-04
  -3.8832726e-02   4.2541667e-01   1.0168101e-01  -1.7289276e-03   1.6604680e-03   6.0047440e-04
  -4.6531700e-02   5.1260420e-01   2.0545505e-01  -2.2114031e-03   1.6028939e-03  -2.3258217e-04
  -4.1903045e-02   4.4915875e-01   1.0503454e-01  -2.0783321e-03   1.5532979e-03  -1.3839769e-04
  -4.6213074e-02   4.4905235e-01   1.5138777e-01  -2.1445457e-03   1.7887564e-03  -1.8660660e-04
  -3.7322227e-02   4.6988667e-01   1.3121552e-01  -2.0348158e-03   1.5648448e-03  -1.5684043e-04
  -3.6790059e-02   4.5815504e-01   1.6931363e-01  -2.2277656e-03   1.6763304e-03  -3.5183470e-05
  -3.8647231e-02   4.7165701e-01   1.7540087e-01  -2.2292251e-03   1.8640429e-03  -1.2213783e-04
  -3.4847980e-02   4.3394974e-01   1.3397627e-01  -2.1986874e-03   1.7825821e-03  -3.5117555e-05
  -1.9511894e-02   5.1011066e-01   1.5371490e-01  -2.4127654e-03   1.5797918e-03  -2.9524510e-04
  -2.2278616e-02   4.0522292e-01   1.0028590e-01  -2.0692502e-03   1.3272337e-03  -3.0052664e-04
  -1.9566236e-02   5.3611762e-01   2.1527338e-01  -2.3366520e-03   1.6450766e-03  -5.3920082e-04
  -2.7533269e-02   4.1686198e-01   1.1864556e-01  -2.1907281e-03   1.6062420e-03  -3.0115162e-04
  -1.8961370e-02   4.6186027e-01   1.6378089e-01  -2.4060607e-03   1.5727606e-03  -4.7568525e-04
  -3.1508423e-02   4.6805044e-01   1.1428514e-01  -2.3525152e-03   1.5420277e-03  -3.7023964e-04
  -4.8924843e-02   4.6510024e-01   1.2525504e-01  -2.0476622e-03   1.8215444e-03  -3.8453614e-04
  -3.9192876e-02   4.9233661e-01   1.3148125e-01  -2.3671662e-03   1.5571637e-03  -4.6237725e-04
  -5.4893768e-02   4.6532728e-01   1.4270993e-01  -2.4742114e-03   2.0781294e-03  -4.1493116e-04
  -6.5779990e-02   5.1046701e-01   1.8513152e-01  -2.6587179e-03   1.9732647e-03  -7.0675330e-04
  -7.1930590e-02   4.2587764e-01   1.1205542e-01  -2.1014738e-03   2.0304067e-03  -5.6241763e-04
  -6.7340749e-02   5.5667474e-01   1.9517505e-01  -2.6165530e-03   2.0825710e-03  -8.0381722e-04
  -6.5426652e-02   4.4591278e-01   4.1847260e-02  -2.1502784e-03   2.0989102e-03  -2.5852190e-04
  -7.1432201e-02   5.5802355e-01   1.4308586e-01  -2.4133572e-03   2.0939720e-03  -4.3513640e-04
  -7.6818778e-02   5.1700231e-01   4.4555964e-02  -2.1476567e-03   1.9997552e-03  -3.7301001e-04
  -7.7150141e-02   4.9042178e-01   9.7885572e-02  -1.9268483e-03   2.0791077e-03  -5.2536076e-04
  -8.4598223e-02   5.1453086e-01   9.3400610e-02  -1.9687349e-03   1.9345491e-03  -3.1325158e-04
  -8.2387179e-02   4.6976544e-01   1.0253307e-01  -2.0119680e-03   1.8176585e-03  -5.8634722e-04
  -9.9032602e-02   5.5187309e-01   1.2556872e-01  -2.3633547e-03   2.1007977e-03  -4.9743536e-04
  -1.2195205e-01   4.9336800e-01   7.5752599e-02  -2.3502297e-03   2.5645188e-03  -4.6223455e-04
  -1.1107625e-01   6.0980958e-01   1.4799918e-01  -2.9519453e-03   2.4901429e-03  -5.2022929e-04
  -1.0400482e-01   5.1540834e-01   7.5159136e-02  -2.3136777e-03   2.4395433e-03  -3.7916726e-04
  -9.5301775e-02   5.8672194e-01   1.7405249e-01  -2.7844115e-03   2.1715218e-03  -6.0866564e-04
  -1.1136080e-01   4.7228189e-01   1.0149730e-01  -2.2810235e-03   2.3775190e-03  -6.8901890e-04
  -1.0864801e-01   5.4469103e-01   1.3968424e-01  -2.3851183e-03   2.2974181e-03  -7.2209748e-04
  -1.1743454e-01   4.9336352e-01   2.7455821e-02  -2.5965029e-03   2.5513687e-03  -4.0806153e-04
  -1.1209976e-01   5.7832607e-01   9.0231121e-02  -2.5734725e-03   2.8732994e-03  -2.1882427e-04
  -1.2376164e-01   5.6345999e-01   8.4193661e-02  -3.0444350e-03   3.0237850e-03  -1.3368011e-04
  -1.2036288e-01   6.2826617e-01   1.5019983e-01  -2.9393772e-03   2.8960001e-03  -1.9330883e-04
  -1.1054543e-01   5.3470147e-01   8.2419657e-02  -2.2709144e-03   2.5380751e-03  -3.8941443e-04
  -1.0597003e-01   5.4704392e-01   1.5904758e-01  -2.5633739e-03   2.4675513e-03  -5.3895030e-04
  -1.1147481e-01   5.5850922e-01   1.0507119e-01  -2.8356147e-03   2.7320192e-03  -1.7760111e-04
  -1.1383797e-01   5.4342558e-01   1.5866293e-01  -2.8427240e-03   2.8658714e-03  -3.1540250e-04
  -1.0218940e-01   6.0359902e-01   1.8073035e-01  -3.0403344e-03   2.6379162e-03  -7.3094971e-04
  -1.1707943e-01   4.9594646e-01   1.3746936e-01  -2.8018366e-03   2.6489603e-03  -7.6952229e-04
  -1.0783314e-01   6.4354275e-01   2.4144944e-01  -3.0209465e-03   2.3337524e-03  -6.0162216e-04
  -1.2264271e-01   5.0439902e-01   1.5780404e-01  -3.0696523e-03   2.6290661e-03  -4.9359364e-04
  -1.0967051e-01   6.3293823e-01   2.1588427e-01  -3.3936130e-03   2.4785317e-03  -6.3205028e-04
  -1.2234679e-01   5.4805878e-01   1.8253931e-01  -3.4023133e-03   2.3739630e-03  -6.8733201e-04
  -1.1453062e-01   6.0630218e-01   2.4011087e-01  -3.5532601e-03   2.2549969e-03  -7.2745472e-04
  -1.1673830e-01   5.7900818e-01   1.8594268e-01  -3.3252051e-03   2.1555435e-03  -7.5255082e-04
  -1.2838902e-01   5.4167325e-01   2.2089507e-01  -3.4248622e-03   2.5717526e-03  -5.5953001e-04
  -1.2575894e-01   6.3114112e-01   2.1153483e-01  -3.5685514e-03   2.4529459e-03  -2.5022386e-04
  -1.3119455e-01   5.2022831e-01   1.6904588e-01  -3.3420169e-03   2.7859025e-03  -3.5063302e-04
  -1.3165848e-01   6.9793513e-01   2.6867851e-01  -3.4428273e-03   2.6554643e-03  -3.5450642e-04
  -1.1422782e-01   5.5015890e-01   1.7209469e-01  -3.1916920e-03   2.3882875e-03  -5.1346025e-04
  -1.1312243e-01   5.7822680e-01   2.3481586e-01  -2.8809687e-03   2.6811034e-03  -3.5638122e-04
  -1.0187606e-01   6.0544460e-01   2.2477925e-01  -3.0310981e-03   2.6370835e-03  -1.0322441e-04
  -1.0295727e-01   5.2873895e-01   2.2465896e-01  -3.1433047e-03   2.9202515e-03   2.1247333e-04
  -8.3080307e-02   6.5438112e-01   3.1069076e-01  -3.2432773e-03   2.8361509e-03   6.4522106e-04
  -9.9718983e-02   5.5957687e-01   2.2145654e-01  -3.1467059e-03   2.9874562e-03   6.0950923e-04
  -9.5067525e-02   6.5049802e-01   2.9312044e-01  -3.1710713e-03   3.2534116e-03   8.8022571e-04
  -9.4236318e-02   6.0840950e-01   1.9956801e-01  -3.1808262e-03   2.9879767e-03   1.1027086e-03
  -9.2727762e-02   5.0097632e-01   2.3162750e-01  -2.7736228e-03   3.3577223e-03   9.3487999e-04
  -9.0875922e-02   6.4724537e-01   3.0531486e-01  -3.2633051e-03   3.1666310e-03   1.0239395e-03
  -8.9304767e-02   5.2071963e-01   2.6518531e-01  -2.5806132e-03   3.1243237e-03   1.1399259e-03
  -8.8772988e-02   6.4124908e-01   3.4693423e-01  -2.5349659e-03   2.9458642e-03   9.8248409e-04
  -8.1604237e-02   5.9280040e-01   2.3702951e-01  -2.6220817e-03   2.7980143e-03   1.1123679e-03
  -8.2850017e-02   5.8936672e-01   3.1026708e-01  -2.3087615e-03   2.9654161e-03   1.4143269e-03
  -8.4600323e-02   5.8663718e-01   2.7614683e-01  -2.2579025e-03   3.3088510e-03   1.7390318e-03
  -6.2845310e-02   5.8868765e-01   3.5309427e-01  -2.4535189e-03   2.8946470e-03   1.5739375e-03
  -5.9758254e-02   5.9517978e-01   3.1619353e-01  -2.4222220e-03   2.8251129e-03   1.4589369e-03
  -7.1263348e-02   5.5595466e-01   3.0112645e-01  -2.3463991e-03   3.1102530e-03   1.4991785e-03
  -5.7445476e-02   6.3936857e-01   3.5839609e-01  -2.7068241e-03   2.7466370e-03   1.3441586e-03
  -6.6255600e-02   5.7053155e-01   3.0131202e-01  -2.7451068e-03   2.8266652e-03   1.3970127e-03
  -5.0406047e-02   6.3002611e-01   3.8923694e-01  -2.5805563e-03   2.5964220e-03   1.4942601e-03
  -5.2317399e-02   6.4319801e-01   3.1751606e-01  -2.8823512e-03   2.6900595e-03   1.5531793e-03
  -7.2802662e-02   5.4014077e-01   2.9799433e-01  -2.4844121e-03   3.2516726e-03   1.5194774e-03
  -7.3742634e-02   6.5036552e-01   3.3076457e-01  -2.8333090e-03   2.7080674e-03   1.3868116e-03
  -7.5663640e-02   5.5939010e-01   2.7210845e-01  -2.4956480e-03   3.0388314e-03   1.7484912e-03
  -6.9599575e-02   6.1745361e-01   3.3501067e-01  -2.1569932e-03   2.9947565e-03   1.8108636e-03
  -6.2997568e-02   6.5552312e-01   2.7759681e-01  -2.4133865e-03   2.5776583e-03   1.8774696e-03
  -6.3144511e-02   5.7190572e-01   2.8497176e-01  -2.3481855e-03   2.8669229e-03   1.7306322e-03
  -5.7743952e-02   7.2030798e-01   2.7427932e-01  -2.8853928e-03   2.6341464e-03   1.7042296e-03
  -5.5665276e-02   5.5362079e-01   2.4186965e-01  -2.5564561e-03   2.6339086e-03   1.5710697e-03
  -5.8663586e-02   6.4146068e-01   3.2946746e-01  -2.4152676e-03   2.5998999e-03   1.3453869e-03
  -6.5309881e-02   5.8662983e-01   2.5591678e-01  -2.0089654e-03   2.7519477e-03   1.1307736e-03
  -6.0704429e-02   5.9840594e-01   3.0586007e-01  -2.1141667e-03   2.7192458e-03   1.0842535e-03
  -7.0972342e-02   6.6883967e-01   2.8647294e-01  -2.5186307e-03   2.8154024e-03   1.2352481e-03
  -6.9326170e-02   5.4244899e-01   2.6265011e-01  -2.1809783e-03   2.9111559e-03   1.1431940e-03
  -7.0283900e-02   7.0103315e-01   3.8236299e-01  -2.3961056e-03   2.8567858e-03   1.0136869e-03
  -5.8378107e-02   6.2903172e-01   2.8440392e-01  -2.1747508e-03   2.5599091e-03   1.1298400e-03
  -7.3799445e-02   5.2939700e-01   2.9472857e-01  -2.0840682e-03   2.8753043e-03   1.1408094e-03
  -6.9146068e-02   6.9084671e-01   3.5512167e-01  -2.3081843e-03   2.7691848e-03   1.1174890e-03
  -7.3273541e-02   5.8656634e-01   2.8250581e-01  -1.9326835e-03   2.7799619e-03   1.0808789e-03
  -7.6183471e-02   5.3457380e-01   2.8175816e-01  -1.7326581e-03   3.0429418e-03   1.0849272e-03
  -7.6490253e-02   6.6556236e-01   3.1544511e-01  -1.9721229e-03   2.8835343e-03   9.0657721e-04
  -8.7670449e-02   6.4393141e-01   2.2210811e-01  -2.0161609e-03   2.9368544e-03   1.0130619e-03
  -7.7199059e-02   5.2442925e-01   2.3856718e-01  -1.4790843e-03   2.9109016e-03   9.7414727e-04
  -6.9793957e-02   6.5269677e-01   3.2686658e-01  -1.3899711e-03   2.6045459e-03   8.7736937e-04
  -7.1896633e-02   6.0070098e-01   2.7261752e-01  -1.5462926e-03   2.8379973e-03   7.7198492e-04
  -7.6398594e-02   5.3488668e-01   2.8064083e-01  -1.3322548e-03   2.8840362e-03   6.1986180e-04
  -6.1106448e-02   6.6404460e-01   3.1757233e-01  -1.7976952e-03   2.7817526e-03   6.5373088e-04
  -6.6863369e-02   5.8828846e-01   2.4207271e-01  -1.5838725e-03   3.1126326e-03   7.6928311e-04
  -5.4132188e-02   5.3937024e-01   2.6469968e-01  -1.4061580e-03   3.0743566e-03   1.0715784e-03
  -5.9371171e-02   6.6901036e-01   2.6136270e-01  -1.6210780e-03   3.1565023e-03   7.6947164e-04
  -6.0231417e-02   5.9627618e-01   2.2027525e-01  -1.3128350e-03   2.9913134e-03   9.2185874e-04
  -6.9188334e-02   5.7172613e-01   2.6973444e-01  -1.1496229e-03   3.2219257e-03   1.0697440e-03
  -7.2914837e-02   6.3705810e-01   2.6626425e-01  -1.2241990e-03   3.3832230e-03   9.4039867e-04
  -7.5616683e-02   6.7316907e-01   2.7933926e-01  -1.7731968e-03   3.1508551e-03   5.1703164e-04
  -8.6895443e-02   5.6238197e-01   2.2179312e-01  -1.1651687e-03   3.3771219e-03   6.9746674e-04
  -8.7947943e-02   6.8587450e-01   3.0062465e-01  -1.3556506e-03   3.5433392e-03   4.9883986e-04
  -7.9733410e-02   6.9711732e-01   2.3643229e-01  -1.6797206e-03   3.3850638e-03   5.7485888e-04
  -8.3040289e-02   5.2386934e-01   2.3343179e-01  -7.3369695e-04   3.6478011e-03   3.7089451e-04
  -8.2107039e-02   6.1184794e-01   2.5530766e-01  -1.0603451e-03   3.5055780e-03   3.9385861e-04
  -1.0061823e-01   5.5894868e-01   2.5005249e-01  -7.3935347e-04   3.9490065e-03   7.7299343e-04
  -9.8200922e-02   5.8062432e-01   2.3709657e-01  -9.0306799e-04   3.8289428e-03   5.2547558e-04
  -9.3421052e-02   5.7788836e-01   2.3942368e-01  -8.9256779e-04   3.7950049e-03   3.6525515e-04
  -9.7301512e-02   6.3725069e-01   2.6629054e-01  -9.9481427e-04   3.8604553e-03   2.3269556e-04
  -9.4290128e-02   5.7823655e-01   2.5255355e-01  -7.5320093e-04   3.8831577e-03   3.1873037e-04
  -9.2116588e-02   5.5405560e-01   2.4924129e-01  -5.8443246e-04   3.7899104e-03   3.1540439e-04
  -8.8370338e-02   6.4498171e-01   2.6585410e-01  -1.1227887e-03   3.9319211e-03   2.6677764e-04
  -1.0068112e-01   6.3809669e-01   2.3687895e-01  -1.0667273e-03   4.0083561e-03   3.3991544e-04
  -9.2513015e-02   5.4579570e-01   2.0256858e-01  -6.4718306e-04   4.1403975e-03   4.4591215e-04
  -9.1172444e-02   7.6164583e-01   2.4063040e-01  -1.8932750e-03   4.3236761e-03   3.1039468e-04
  -9.2900781e-02   6.0208170e-01   1.5566015e-01  -1.0520672e-03   4.5495857e-03   6.9284874e-04
  -9.1108321e-02   6.1437039e-01   1.7087956e-01  -9.3164885e-04   4.6777498e-03   7.4207680e-04
  -9.7091940e-02   6.5921228e-01   1.7283825e-01  -1.2632669e-03   4.7481275e-03   4.5536465e-04
  -9.4104642e-02   6.6872699e-01   2.0549714e-01  -1.0052790e-03   4.4612090e-03   3.0110543e-04
  -9.9640900e-02   6.4967816e-01   1.7283913e-01  -6.1208733e-04   4.7327728e-03   5.2510477e-04
  -8.1780637e-02   5.5270192e-01   1.8779145e-01  -1.7793625e-04   4.4771472e-03   3.9733563e-04
  -9.2333349e-02   6.5123980e-01   2.2971360e-01  -3.8324689e-04   4.5316604e-03   2.5443897e-04
  -9.2170675e-02   5.5956822e-01   1.9994920e-01   1.0129410e-05   4.6201367e-03   2.5420811e-04
  -9.8233291e-02   6.4417056e-01   2.2112824e-01  -4.5750239e-04   4.7099046e-03   1.8494731e-04
  -8.4388485e-02   6.6568562e-01   2.0992142e-01  -7.9864699e-04   4.3344532e-03   1.5073757e-04
  -9.7326556e-02   6.1308503e-01   2.0428672e-01  -3.2363298e-04   4.5239430e-03   1.1885593e-04
  -1.0529703e-01   5.7532661e-01   1.8126027e-01  -6.5406865e-04   4.7077070e-03   6.1707892e-05
  -1.0352142e-01   5.8826783e-01   1.9998849e-01  -1.4317174e-04   4.5709178e-03   1.5143386e-04
  -1.0918912e-01   5.4588631e-01   1.6854245e-01  -4.7741416e-04   4.9456927e-03  -8.2604334e-04
  -1.1863053e-01   5.4239683e-01   1.4470211e-01  -5.8677134e-04   5.4263787e-03  -2.2646191e-04
  -1.3721258e-01   6.0408065e-01   1.6827931e-01  -8.9902782e-05   5.3732740e-03   3.1126688e-04
  -1.3730384e-01   5.6796839e-01   1.4125296e-01  -2.3779543e-04   5.3478104e-03   4.6083166e-04
  -1.3371999e-01   5.5473487e-01   1.6995002e-01   1.9006622e-04   5.5769407e-03   5.3605303e-04
  -1.3287016e-01   6.1066188e-01   1.8397663e-01   1.1784925e-04   5.6206606e-03   3.2022117e-04
  -1.1949013e-01   5.4973093e-01   2.0535079e-01   3.4911524e-04   5.3407182e-03   4.0524864e-04
  -1.3694220e-01   6.5025601e-01   1.9142415e-01   1.1150215e-04   5.5507930e-03   4.0068538e-04
  -1.4011947e-01   5.8117975e-01   1.1817309e-01   2.2427705e-04   5.5976477e-03   7.2815924e-04
  -1.3730904e-01   6.3814717e-01   1.4789635e-01  -9.1277003e-06   5.7088171e-03   3.8110144e-04
  -1.4745226e-01   6.5402632e-01   1.4982162e-01   3.0145155e-04   5.7188581e-03   6.1476872e-04
  -1.3402847e-01   5.6698086e-01   1.9807216e-01   3.3909936e-04   5.6224141e-03   6.0493439e-04
  -1.3260127e-01   6.9758542e-01   2.2784197e-01  -3.9018683e-04   5.5089678e-03   6.6207723e-04
  -1.3829562e-01   6.0180856e-01   1.7745360e-01   3.2754305e-06   5.7944826e-03   1.0021268e-03
  -1.4310324e-01   6.8567181e-01   2.3372702e-01  -3.7697807e-04   5.8904210e-03   7.5904343e-04
  -1.4038040e-01   6.0779300e-01   1.7027950e-01  -4.4971503e-04   5.5150188e-03   4.2945521e-04
  -1.4333777e-01   6.7281746e-01   2.5932767e-01  -6.6972801e-04   5.6039395e-03   2.6976112e-04
  -1.5163654e-01   6.2772693e-01   1.4877919e-01  -1.7311353e-04   5.8298772e-03   6.7514558e-04
  -1.4839245e-01   6.1253679e-01   1.7366381e-01  -1.4775123e-04   6.0109896e-03   4.4938365e-04
  -1.3903681e-01   6.7560414e-01   1.8769374e-01  -2.5371479e-04   5.6242085e-03   3.0850819e-04
  -1.3677479e-01   5.7154027e-01   1.4299677e-01   1.3360679e-04   5.8109450e-03   6.3714745e-04
  -1.3457180e-01   7.3040346e-01   2.1899284e-01  -4.2738362e-04   5.7310248e-03   1.5527815e-04
  -1.4273905e-01   6.5177565e-01   1.5536016e-01   3.9423381e-05   5.7666955e-03   1.7955599e-04
  -1.5606381e-01   6.2492657e-01   1.7662701e-01   1.6181752e-04   6.0908123e-03   1.2264136e-04
  -1.4139366e-01   6.9904622e-01   1.7856273e-01  -6.9394718e-04   5.8809985e-03   1.9196740e-04
  -1.4321567e-01   6.3269304e-01   1.9174151e-01  -9.5414979e-05   5.7131610e-03   9.5181219e-05
  -1.3630517e-01   6.6632691e-01   1.8248493e-01  -4.2558518e-04   5.6291146e-03   1.4843793e-04
  -1.5405152e-01   5.9967362e-01   1.8686410e-01  -1.3600076e-04   6.0621373e-03   4.7388361e-04
  -1.4662860e-01   7.0507573e-01   2.2235541e-01  -5.4986980e-04   5.8151413e-03   8.2166735e-05
  -1.5363581e-01   6.0333510e-01   1.8608271e-01   1.4483841e-04   5.9605508e-03   1.0839438e-04
  -1.5807269e-01   6.8874780e-01   2.3240991e-01  -2.9719605e-04   6.2055400e-03  -1.7685595e-04
  -1.6328413e-01   6.3977431e-01   1.5302709e-01   1.1264301e-04   6.2011447e-03  -1.3873640e-04
  -1.6559549e-01   6.5353555e-01   1.9186390e-01   1.2239378e-04   6.2144814e-03  -2.5075343e-04
  -1.6817553e-01   6.6909997e-01   1.6113083e-01  -2.1317647e-04   6.1012636e-03  -3.1331700e-04
  -1.5596439e-01   5.7021967e-01   1.5542420e-01   4.0184998e-04   5.9477743e-03  -2.8163388e-04
  -1.7295998e-01   7.0807683e-01   2.1866287e-01  -1.2409629e-04   6.2083709e-03  -4.7252830e-04
  -1.7414741e-01   6.0294100e-01   1.5605252e-01   1.5330776e-04   6.1007592e-03  -2.7082551e-04
  -1.7372849e-01   6.7566988e-01   2.7143657e-01   2.4562287e-04   6.2764583e-03  -6.0321669e-04
  -1.8676891e-01   6.5853347e-01   1.8604221e-01   1.6523386e-04   6.4388055e-03  -7.1804496e-04
  -1.8332268e-01   6.6488449e-01   2.5632440e-01   5.3824970e-04   6.3911861e-03  -9.9911311e-04
  -1.8889875e-01   6.5115377e-01   1.7541099e-01   5.7981289e-04   6.4728730e-03  -7.3588357e-04
  -1.9264613e-01   6.8678692e-01   2.2103591e-01   4.9453031e-04   6.2235077e-03  -1.0389659e-03
  -2.1799873e-01   7.0530541e-01   1.5973367e-01   1.7203216e-04   6.6240232e-03  -1.1585851e-03
  -2.2490916e-01   6.4525267e-01   2.0033753e-01   1.8004217e-04   6.8374157e-03  -1.2602845e-03
  -2.2721379e-01   7.4098357e-01   2.4247300e-01  -1.1687961e-04   6.5149836e-03  -1.6372619e-03
  -2.3066534e-01   6.3283751e-01   2.1399555e-01   5.0685402e-04   6.5492976e-03  -1.7732001e-03
  -2.3743783e-01   7.6114280e-01   2.3651982e-01  -2.2252283e-05   6.6686960e-03  -1.7919943e-03
  -2.3629952e-01   6.8652248e-01   1.9126756e-01   1.8177698e-04   6.5099040e-03  -1.6345969e-03
  -2.3826710e-01   7.5302872e-01   2.6977708e-01   2.2426392e-04   6.6789952e-03  -1.7183384e-03
  -2.3684032e-01   6.7767129e-01   1.9170270e-01   7.6098074e-05   6.8484852e-03  -1.7722901e-03
  -2.3724684e-01   6.4596312e-01   2.0935712e-01   4.3164561e-04   6.7851067e-03  -2.0333895e-03
  -2.3790198e-01   7.6507289e-01   2.4146396e-01  -3.1357798e-04   6.7853660e-03  -2.0520292e-03
  -2.4406406e-01   6.3298844e-01   1.9537621e-01   4.4657252e-04   7.0058415e-03  -2.1536090e-03
  -2.2988364e-01   7.1643866e-01   2.1985681e-01   2.4683971e-04   6.7356743e-03  -2.1799826e-03
  -2.4625348e-01   7.0109326e-01   1.4507490e-01   1.9472219e-04   6.8711121e-03  -2.0548792e-03
  -2.4714216e-01   6.9007352e-01   2.2693808e-01   3.0392830e-04   6.8655519e-03  -2.1402720e-03
  -2.6313164e-01   7.4052353e-01   1.8621190e-01   1.3230532e-04   7.1010129e-03  -2.0178627e-03
  -2.4436074e-01   6.5932173e-01   1.7287456e-01   4.7363956e-04   6.7426637e-03  -2.4522664e-03
  -2.5794764e-01   7.6096823e-01   1.7232147e-01   1.8977700e-04   6.9368462e-03  -2.2724042e-03
  -2.5993787e-01   6.1448092e-01   1.5776390e-01   7.2306682e-04   6.8481177e-03  -2.4742747e-03
  -2.5701540e-01   7.6027395e-01   2.5489313e-01   2.6761063e-04   6.8367286e-03  -2.1678251e-03
  -2.6201671e-01   6.3977110e-01   1.7841890e-01   8.9766875e-04   7.1922170e-03  -2.1796933e-03
  -2.4595422e-01   7.0925029e-01   2.6103023e-01   2.7656305e-04   7.2145451e-03  -2.5123835e-03
  -2.4425570e-01   6.5222391e-01   1.9034073e-01   7.5095659e-04   6.9992083e-03  -2.4375248e-03
  -2.3654918e-01   7.2632099e-01   2.4384596e-01   2.3016689e-04   7.0850234e-03  -2.6165619e-03
  -2.4773015e-01   6.5351906e-01   1.6387607e-01   6.8830669e-04   7.0732244e-03  -2.8061359e-03
  -2.4885523e-01   7.1681635e-01   2.6339021e-01   6.4295112e-04   7.2218497e-03  -2.8257117e-03
  -2.4970146e-01   6.5365715e-01   1.7045696e-01   9.3425240e-04   7.0301888e-03  -3.0024177e-03
  -2.4264721e-01   7.1304818e-01   2.5023001e-01   7.0086612e-04   6.9053475e-03  -3.0211902e-03
  -2.4232165e-01   6.9177270e-01   1.9836093e-01   9.9537011e-04   6.8199293e-03  -3.1588905e-03
  -2.3964202e-01   7.3852729e-01   2.5905404e-01   3.4543148e-04   6.8937806e-03  -3.1539528e-03
  -2.4339849e-01   7.1403052e-01   1.9542144e-01   7.1985764e-04   6.9227135e-03  -3.3085648e-03
  -2.4690840e-01   7.3272659e-01   2.1836871e-01   4.9155546e-04   7.0976462e-03  -3.2117463e-03
  -2.5791954e-01   6.6815746e-01   1.6424316e-01   9.8955412e-04   7.1264881e-03  -3.2591749e-03
  -2.4417490e-01   7.4994809e-01   2.3904292e-01   9.2625448e-04   7.0082407e-03  -3.1731363e-03
  -2.5150724e-01   6.9952572e-01   1.3341598e-01   1.1027932e-03   6.9340488e-03  -3.0180294e-03
  -2.4483665e-01   7.0970289e-01   2.3049137e-01   1.0380416e-03   6.9002614e-03  -3.2577000e-03
  -2.6628513e-01   7.1984236e-01   1.6128426e-01   8.8835175e-04   7.1225445e-03  -3.1906702e-03
  -2.6043855e-01   6.9710243e-01   2.0376847e-01   1.1012365e-03   6.7295171e-03  -3.4317113e-03
  -2.6709094e-01   7.5796814e-01   1.7872354e-01   8.0274957e-04   6.9181145e-03  -3.2169494e-03
  -2.6181820e-01   7.0041814e-01   1.9675420e-01   9.8454198e-04   6.6491553e-03  -3.4043641e-03
  -2.6062309e-01   8.0090873e-01   2.0624154e-01   5.4679340e-04   6.6801061e-03  -3.3710352e-03
  -2.5299710e-01   6.5586125e-01   1.5894339e-01   1.1441911e-03   6.5157120e-03  -3.4519519e-03
  -2.4903350e-01   8.1035586e-01   2.1132857e-01   6.5263982e-04   6.5531063e-03  -3.1606116e-03
  -2.7231792e-01   6.6816038e-01   1.4405561e-01   1.2111433e-03   6.9072456e-03  -3.1669358e-03
  -2.6190364e-01   7.7788196e-01   2.4390989e-01   8.1814445e-04   6.8228160e-03  -3.3757423e-03
  -2.6196715e-01   7.2542653e-01   1.4843237e-01   1.0735835e-03   6.6096695e-03  -3.2079417e-03
  -2.6407339e-01   7.2078590e-01   2.2730770e-01   1.1368853e-03   6.8005984e-03  -3.3780939e-03
  -2.6906269e-01   7.7632301e-01   1.8678283e-01   8.4475246e-04   6.6917499e-03  -3.2328460e-03
  -2.7322949e-01   6.9091376e-01   1.6769819e-01   1.3936591e-03   6.7559758e-03  -3.4293918e-03
  -2.6880554e-01   8.3674243e-01   2.1908181e-01   7.3142889e-04   6.9203250e-03  -3.0748036e-03
  -2.7101278e-01   7.2408642e-01   1.4964388e-01   1.2944413e-03   6.7868127e-03  -3.3021769e-03
  -2.6368982e-01   7.6131081e-01   2.1145634e-01   1.2852565e-03   6.6843544e-03  -3.3639871e-03
  -2.5730253e-01   7.6401048e-01   2.0931883e-01   1.1832688e-03   6.4695551e-03  -3.4215248e-03
  -2.6360037e-01   6.8376625e-01   1.9016605e-01   1.2101378e-03   6.7308513e-03  -3.6080699e-03
  -2.6009706e-01   8.2579824e-01   2.3030675e-01   5.7210518e-04   6.7506832e-03  -3.3026641e-03
  -2.7001727e-01   7.1009475e-01   1.4661107e-01   9.8709486e-04   6.8996735e-03  -3.4594708e-03
  -2.5905494e-01   7.2513325e-01   2.1198962e-01   1.3610250e-03   6.8227509e-03  -3.5457508e-03
  -2.5060444e-01   7.9693808e-01   1.6923194e-01   6.8675642e-04   6.5440015e-03  -3.4696392e-03
  -2.5298716e-01   7.0455623e-01   1.4169621e-01   1.0613970e-03   6.5406291e-03  -3.3599625e-03
  -2.5505418e-01   7.3028554e-01   1.8544317e-01   1.0197435e-03   6.7220223e-03  -3.2729305e-03
  -2.5338815e-01   7.3146100e-01   1.7810435e-01   1.4167160e-03   6.6854491e-03  -3.6613415e-03
  -2.6842529e-01   6.7888545e-01   1.2840309e-01   1.4938853e-03   7.1477919e-03  -3.2400946e-03
  -2.5676924e-01   7.6744400e-01   2.0237826e-01   1.4162989e-03   6.9711831e-03  -3.2662226e-03
  -2.6748531e-01   7.0777110e-01   9.8142130e-02   1.3852577e-03   7.1457341e-03  -3.0479873e-03
  -2.6514039e-01   6.9817381e-01   1.9182833e-01   1.5669823e-03   7.2246536e-03  -3.1055791e-03
  -2.6046154e-01   7.3391001e-01   1.4488589e-01   1.6310660e-03   7.1799610e-03  -2.7294482e-03
  -2.6291519e-01   6.4419069e-01   1.7522980e-01   1.9446778e-03   7.3960510e-03  -2.9866690e-03
  -2.4080553e-01   8.4434788e-01   2.2113921e-01   1.2672353e-03   7.0288588e-03  -2.8791105e-03
  -2.4499288e-01   6.3796149e-01   1.1801874e-01   1.5677996e-03   7.1937420e-03  -2.9141159e-03
  -2.4439662e-01   7.4312748e-01   1.6499571e-01   1.0858904e-03   7.1526722e-03  -3.0416976e-03
  -2.3678511e-01   6.7544009e-01   1.0777636e-01   1.7025334e-03   7.0396751e-03  -3.0924491e-03
  -2.2716081e-01   7.3900833e-01   1.9438480e-01   1.2868762e-03   6.9755985e-03  -3.2050938e-03
  -2.3126895e-01   6.9684165e-01   1.1974163e-01   1.6977881e-03   6.9948237e-03  -3.0286249e-03
  -2.3054265e-01   7.2281324e-01   1.9620689e-01   1.7004696e-03   6.9982166e-03  -3.2872353e-03
  -2.2911687e-01   7.2897387e-01   1.3308773e-01   1.5969840e-03   6.8041923e-03  -3.2474392e-03
  -2.4484622e-01   6.8977399e-01   1.5312917e-01   1.5162124e-03   7.1691792e-03  -3.4348023e-03
  -2.4428114e-01   7.2414934e-01   1.4684550e-01   1.3531413e-03   6.9724463e-03  -3.5354626e-03
  -2.5073823e-01   7.8903277e-01   1.8763335e-01   1.2903298e-03   7.0971078e-03  -3.7636276e-03
  -2.4399036e-01   8.2257090e-01   5.4169044e-02   8.2784714e-04   6.6565427e-03  -3.3917205e-03
  -2.5909999e-01   6.1003453e-01   1.1386794e-01   1.6827673e-03   7.0037274e-03  -3.2309325e-03
  -2.6988821e-01   7.5114763e-01   1.8609354e-01   1.2566211e-03   7.5028431e-03  -3.3923748e-03
  -2.5712420e-01   7.4833726e-01   1.5734751e-01   1.2669564e-03   7.0825626e-03  -3.5844285e-03
  -2.6724145e-01   7.3093730e-01   2.0847775e-01   1.6157799e-03   7.2309982e-03  -3.6459091e-03
  -2.6130052e-01   8.2215839e-01   2.0100453e-01   9.1388182e-04   7.0916664e-03  -3.6455216e-03
  -2.6768431e-01   7.9239090e-01   1.3327359e-01   1.1887344e-03   7.2023297e-03  -3.3090749e-03
  -2.6072316e-01   7.4957794e-01   1.6762521e-01   1.2663519e-03   7.3718635e-03  -3.4613677e-03
  -2.4472171e-01   8.0378923e-01   1.9882222e-01   1.2886317e-03   7.2320879e-03  -3.4119914e-03
  -2.5874030e-01   7.3484771e-01   1.8600625e-01   1.6352571e-03   7.3474083e-03  -3.2808057e-03
  -2.5757564e-01   8.0873925e-01   2.0331159e-01   1.1697923e-03   7.1960740e-03  -3.3511682e-03
  -2.5660820e-01   7.8407271e-01   1.4861042e-01   1.0940277e-03   7.2231287e-03  -3.3810923e-03
  -2.6488539e-01   7.5514614e-01   1.6422903e-01   1.6479144e-03   7.3359398e-03  -3.3305561e-03
  -2.5760187e-01   7.7221966e-01   1.8984527e-01   1.4721709e-03   7.0952562e-03  -3.5280741e-03
  -2.4984477e-01   8.9600946e-01   2.5631660e-01   3.0222434e-04   7.0709976e-03  -3.3979942e-03
  -2.6153388e-01   7.6964254e-01   1.6318559e-01   1.1201719e-03   7.3034922e-03  -3.3655667e-03
  -2.5466762e-01   7.9433743e-01   2.1399542e-01   7.9909856e-04   7.1618253e-03  -3.3066825e-03
  -2.6335960e-01   8.6207553e-01   1.7220122e-01   3.7548004e-04   7.2348817e-03  -3.2288549e-03
  -2.5292361e-01   7.5912876e-01   1.7968898e-01   8.5084635e-04   6.8702518e-03  -3.6724951e-03
  -2.5814648e-01   9.0739860e-01   1.9813051e-01   4.9754332e-04   7.1455475e-03  -3.4499412e-03
  -2.6299760e-01   7.6590962e-01   1.0808025e-01   1.0155021e-03   7.0696574e-03  -3.4505362e-03
  -2.7165084e-01   7.9451088e-01   1.9511786e-01   7.1862439e-04   7.2375318e-03  -3.6656452e-03
  -2.5838842e-01   8.1571554e-01   1.4500333e-01   4.4557744e-04   6.9624375e-03  -3.5960931e-03
  -2.5731584e-01   6.9063601e-01   1.6694501e-01   1.0667861e-03   6.9966262e-03  -3.6106051e-03
  -2.7028880e-01   8.0796434e-01   2.3890709e-01   8.1832263e-04   7.1642164e-03  -3.5963502e-03
  -2.6948003e-01   7.7764805e-01   1.6047444e-01   9.5515439e-04   7.0802835e-03  -3.5767826e-03
  -2.7345363e-01   7.5051867e-01   1.8745914e-01   1.1757509e-03   7.1822633e-03  -3.4010961e-03
  -2.6296880e-01   8.4610754e-01   2.0681635e-01   6.8237175e-04   7.1650181e-03  -3.4081862e-03
  -2.8220059e-01   7.6290705e-01   1.7120280e-01   1.3235735e-03   7.3888824e-03  -3.2869074e-03
  -2.9472509e-01   8.0265051e-01   2.6864289e-01   1.1618200e-03   7.3201526e-03  -3.3733066e-03
  -2.7776914e-01   7.8460103e-01   1.7005138e-01   1.0208392e-03   7.1191626e-03  -3.4094923e-03
  -2.8543345e-01   6.8486027e-01   2.0524667e-01   1.4607615e-03   7.4239013e-03  -3.5864034e-03
  -2.9109049e-01   8.0050177e-01   2.2253735e-01   8.4380008e-04   7.4519107e-03  -3.5066572e-03
  -2.8433534e-01   6.8203713e-01   1.5922249e-01   1.5629791e-03   7.2099297e-03  -3.3682441e-03
  -2.7516946e-01   8.2272389e-01   2.4801856e-01   9.8334454e-04   7.1254095e-03  -3.4157248e-03
  -2.8103030e-01   7.3065330e-01   1.1073971e-01   1.5005065e-03   7.1526734e-03  -3.1028768e-03
  -2.7459426e-01   7.2098745e-01   1.9204029e-01   1.6397464e-03   7.0610987e-03  -3.2715953e-03
  -2.8286547e-01   8.1793278e-01   1.8164594e-01   1.1231616e-03   7.1566372e-03  -3.4517698e-03
  -2.8703127e-01   7.3541301e-01   1.3856353e-01   1.3666271e-03   7.3390008e-03  -3.2539966e-03
  -2.8569302e-01   8.1643132e-01   1.1159220e-01   6.7054786e-04   7.1221673e-03  -3.1771996e-03
  -2.9633469e-01   7.5027670e-01   9.5461624e-02   8.9490543e-04   7.3375385e-03  -3.1248393e-03
  -2.9263537e-01   8.6627259e-01   2.0755242e-01   6.3158460e-04   7.3656446e-03  -2.9114510e-03
  -2.9949251e-01   8.1118499e-01   6.3569321e-02   6.1608439e-04   7.3854164e-03  -2.9527939e-03
  -3.0686860e-01   7.0752349e-01   1.2156122e-01   1.2188263e-03   7.6362151e-03  -3.4622340e-03
  -3.0727373e-01   8.6437562e-01   1.5938331e-01   7.9001046e-04   7.5512732e-03  -3.1352605e-03
  -3.0892355e-01   7.6284935e-01   1.1303345e-01   1.0779327e-03   7.8443605e-03  -3.3728509e-03
  -3.2801163e-01   7.8838624e-01   1.5945225e-01   1.3967573e-03   8.0825490e-03  -3.4014904e-03
  -3.2420706e-01   7.7445867e-01   2.9608060e-02   1.1580154e-03   7.7347746e-03  -3.4599583e-03
  -3.2085713e-01   7.7305119e-01   1.0212706e-01   1.3963014e-03   7.6478344e-03  -3.8171480e-03
  -3.0573439e-01   8.6907056e-01   8.5653729e-02   1.0132875e-03   7.5640521e-03  -3.4629746e-03
  -2.9734187e-01   7.0371005e-01   2.5466469e-02   1.8664324e-03   7.6395189e-03  -3.4562043e-03
  -3.1509874e-01   7.4554118e-01   1.3601816e-01   1.6653769e-03   7.9551691e-03  -3.7832956e-03
  -3.0210116e-01   7.7550795e-01   8.3324421e-02   1.4758216e-03   7.7789060e-03  -3.7983950e-03
  -3.0497961e-01   7.4294362e-01   1.1353441e-01   1.8155462e-03   7.8471415e-03  -4.1988955e-03
  -2.8916658e-01   7.7502932e-01   8.3130616e-02   1.6629604e-03   7.5303700e-03  -4.1656321e-03
  -3.0517499e-01   7.3572009e-01   8.6023269e-02   1.6005991e-03   7.9650316e-03  -4.2589398e-03
  -2.8799908e-01   8.4192821e-01   1.1912743e-01   1.2357182e-03   7.4814205e-03  -4.2291230e-03
  -3.0466903e-01   7.2493451e-01   7.4399865e-02   1.7934257e-03   7.7482481e-03  -4.2402486e-03
  -3.0000593e-01   7.7979156e-01   1.2580777e-01   1.5518505e-03   7.6216102e-03  -4.4004334e-03
  -3.0152518e-01   8.0240540e-01   8.5402398e-02   1.1870203e-03   7.8363795e-03  -4.3575532e-03
  -3.0388968e-01   7.1217287e-01   8.8364526e-02   1.8628049e-03   7.8115795e-03  -4.6392401e-03
  -3.0156746e-01   7.6754137e-01   9.0092322e-02   1.4364872e-03   7.8023429e-03  -4.7532239e-03
  -2.9244037e-01   8.3583448e-01   7.3768558e-02   1.0965134e-03   7.7367297e-03  -4.5881304e-03
  -2.9947371e-01   7.5513332e-01   3.9109317e-02   1.5523025e-03   7.7931295e-03  -4.4027715e-03
  -3.0505016e-01   7.8025467e-01   7.6545513e-02   1.7091183e-03   8.0583301e-03  -4.5279357e-03
  -2.9691685e-01   8.1375632e-01   5.5686989e-02   1.4680463e-03   7.9751635e-03  -4.6076346e-03
  -3.0520205e-01   7.3021614e-01   4.7837269e-02   1.9192849e-03   8.0784158e-03  -4.7021027e-03
  -2.9892377e-01   8.0588304e-01   9.0491786e-02   1.4526998e-03   8.0551969e-03  -4.6188023e-03
  -2.8999853e-01   8.1072070e-01   5.4329111e-02   1.3372486e-03   7.8671372e-03  -4.6658206e-03
  -2.9418120e-01   7.5245842e-01   4.4390170e-02   1.9293430e-03   7.9127436e-03  -4.6333539e-03
  -2.8815256e-01   8.0138934e-01   8.3760004e-02   1.4969101e-03   7.7291766e-03  -4.6018986e-03
  -2.8168334e-01   8.0721228e-01   6.9742213e-02   1.5575164e-03   7.5864395e-03  -4.4991358e-03
  -2.9539258e-01   7.4004698e-01   5.4622691e-02   1.8337805e-03   7.8020837e-03  -4.6213289e-03
  -2.9898336e-01   7.2786740e-01   8.0874206e-02   1.8397388e-03   7.9662065e-03  -4.6885436e-03
  -2.8595248e-01   8.3413918e-01   8.6947389e-02   1.2720947e-03   7.8370599e-03  -4.3188213e-03
  -2.7385543e-01   7.6611299e-01   5.8962743e-03   1.7195378e-03   7.7665871e-03  -4.1851642e-03
  -2.9130766e-01   6.6224750e-01   3.8598579e-02   2.3236285e-03   8.1165425e-03  -4.7701617e-03
  -2.8693898e-01   8.5543071e-01   9.6291181e-02   1.1682186e-03   7.7185054e-03  -4.3136564e-03
  -2.9309154e-01   6.9681547e-01   3.0545826e-02   1.9221370e-03   7.8942844e-03  -4.3112126e-03
  -2.8558234e-01   8.0101103e-01   9.2512061e-02   1.4728986e-03   7.6590915e-03  -4.3292203e-03
  -2.9015538e-01   7.4190869e-01   3.9404048e-03   2.0035981e-03   7.9934222e-03  -4.3751510e-03
  -2.9364876e-01   7.6417852e-01   8.6936884e-02   1.8297731e-03   7.7391075e-03  -4.3847599e-03
  -2.9039257e-01   7.7065519e-01   6.0257148e-03   1.9059772e-03   7.7105070e-03  -4.2875875e-03
  -2.9624298e-01   6.9782040e-01   2.6081140e-02   2.5791202e-03   7.9256824e-03  -4.5885980e-03
  -2.8845437e-01   8.4021682e-01   5.5295211e-02   1.4244620e-03   7.8283233e-03  -4.3993327e-03
  -2.9318722e-01   7.1831263e-01   1.1061450e-02   2.4723273e-03   7.6903738e-03  -3.7958068e-03
  -2.9117086e-01   7.9387135e-01   9.4825168e-02   1.8019821e-03   7.7110790e-03  -3.7956614e-03
  -2.8188315e-01   7.5466597e-01   2.5012174e-03   2.1116412e-03   7.5259159e-03  -3.4967169e-03
  -2.7432941e-01   7.5382291e-01   6.3960755e-02   2.2584944e-03   7.6023337e-03  -3.4746190e-03
  -2.6819506e-01   8.3620781e-01   1.2057427e-01   2.0831778e-03   7.3188544e-03  -3.2130764e-03
  -2.7657236e-01   6.9558955e-01   4.0190270e-03   2.8650389e-03   7.8344837e-03  -3.2994868e-03
  -3.0318807e-01   7.6874681e-01   1.2077057e-01   2.5301240e-03   8.2649296e-03  -3.0935079e-03
  -3.0640665e-01   7.2444720e-01   2.2961182e-02   3.0129738e-03   8.0990358e-03  -3.2420371e-03
  -3.0114156e-01   7.5914216e-01   8.5483445e-02   2.5844699e-03   8.0768313e-03  -3.5649257e-03
  -3.0445492e-01   7.6520470e-01   6.1751820e-03   2.6528369e-03   8.0986071e-03  -3.7994130e-03
  -3.0167184e-01   7.1006438e-01   1.8001877e-02   2.7758605e-03   8.2176240e-03  -4.1631920e-03
  -2.9385701e-01   7.7693784e-01  -3.4490669e-03   2.7994551e-03   7.9529082e-03  -3.8991826e-03
  -2.9702978e-01   7.1345568e-01  -1.0949781e-02   3.1125707e-03   7.9033068e-03  -4.1679383e-03
  -2.9942856e-01   8.1449154e-01   4.9483775e-02   2.5569634e-03   7.8021013e-03  -3.9551853e-03
  -2.9368158e-01   7.1522275e-01  -1.8253449e-02   3.0031829e-03   7.7289858e-03  -4.1019611e-03
  -2.9046854e-01   7.9048763e-01   7.3861288e-02   2.7096162e-03   7.8298625e-03  -4.1596249e-03
  -2.7413635e-01   7.5414825e-01  -8.0793703e-03   2.7632310e-03   7.2794972e-03  -4.1340524e-03
  -3.0340591e-01   6.9764289e-01  -2.0231629e-02   3.0931824e-03   7.9296784e-03  -4.2956479e-03
  -2.9693350e-01   7.5558520e-01   3.9551258e-02   2.7524117e-03   7.7667673e-03  -4.3025125e-03
  -2.9039778e-01   8.0852781e-01   5.3741925e-02   2.1811693e-03   7.7532587e-03  -4.0871824e-03
  -2.9071109e-01   6.6581702e-01  -5.0559390e-03   3.0528100e-03   7.6153184e-03  -4.1865085e-03
  -3.0103042e-01   7.1849612e-01  -7.3302155e-03   4.0211699e-03   7.8122766e-03  -3.8822759e-03
  -2.9864641e-01   7.5308928e-01  -2.9328545e-02   3.0422511e-03   7.8924278e-03  -3.2121963e-03
  -2.9929776e-01   7.3332208e-01  -7.4366532e-03   2.9969347e-03   7.8374431e-03  -3.3042847e-03
  -2.9376323e-01   8.5223329e-01  -1.4501203e-03   2.5583398e-03   7.7065277e-03  -2.9443403e-03
  -2.9722018e-01   6.8530424e-01  -1.2920754e-02   3.1359727e-03   7.9373868e-03  -3.2094874e-03
  -3.0610027e-01   8.1171767e-01   6.4564955e-02   3.1022011e-03   7.9707808e-03  -3.5309160e-03
  -3.0444583e-01   8.0512566e-01   1.1960477e-02   2.8985044e-03   7.7855483e-03  -3.5836956e-03
  -2.9050590e-01   7.6250702e-01   5.4333320e-02   2.6342305e-03   7.7246530e-03  -3.6972182e-03
  -2.8704663e-01   8.6870833e-01   2.9402437e-02   1.8931762e-03   7.4105028e-03  -3.0672751e-03
  -2.8916873e-01   7.4287055e-01  -6.1038379e-02   2.3118885e-03   7.9054434e-03  -3.0803038e-03
  -2.9386804e-01   7.1587111e-01  -9.3787563e-03   2.8779643e-03   7.8375717e-03  -3.2474279e-03
  -3.0410566e-01   7.5054023e-01   5.1710706e-03   3.2428677e-03   8.0182967e-03  -3.6909164e-03
  -2.9329876e-01   7.9740518e-01   6.2504276e-02   2.6442461e-03   7.7640409e-03  -3.5285035e-03
  -2.9508285e-01   7.5403967e-01   1.2091925e-02   2.8844329e-03   7.8043660e-03  -3.4323231e-03
  -3.0022096e-01   7.5441589e-01   3.9116503e-02   2.8400316e-03   7.8477209e-03  -3.7130966e-03
  -2.8790515e-01   8.6472842e-01   3.2551357e-02   1.9442062e-03   7.4252657e-03  -3.5331484e-03
  -3.0170073e-01   7.2040676e-01  -8.0040180e-03   2.9796408e-03   7.9968480e-03  -3.7014599e-03
  -2.9472906e-01   7.4869388e-01   5.5208322e-02   2.7442672e-03   7.9303813e-03  -3.8680830e-03
  -2.9316476e-01   8.0281848e-01   4.6077176e-02   2.5480664e-03   7.8306759e-03  -4.1440147e-03
  -3.0577328e-01   7.5698455e-01   2.0598027e-02   2.8276351e-03   8.2540448e-03  -4.2731004e-03
  -3.0264099e-01   7.2952430e-01   2.6825301e-02   2.8779700e-03   8.0318388e-03  -4.3157624e-03
  -2.9367535e-01   8.5297743e-01   8.7621230e-02   2.3532507e-03   7.9458066e-03  -4.4881707e-03
  -2.8137241e-01   7.6485639e-01   3.8411218e-02   2.5278337e-03   7.8082673e-03  -4.2944622e-03
  -2.7664399e-01   7.9818199e-01   8.4407718e-02   2.5724185e-03   7.7193266e-03  -3.9863194e-03
  -2.8815737e-01   7.9211088e-01   5.0384909e-03   2.3106433e-03   7.6743207e-03  -4.0231607e-03
  -3.0568655e-01   7.3650292e-01   1.8291235e-02   3.0234643e-03   8.1354517e-03  -4.3602427e-03
  -2.8570509e-01   8.0747312e-01   5.3156599e-02   2.4082588e-03   7.8463938e-03  -4.3951745e-03
  -2.9944062e-01   7.0895963e-01  -8.0302629e-03   2.8357630e-03   7.9373240e-03  -4.4184703e-03
  -2.9398223e-01   8.2042666e-01   1.0011219e-01   2.6249509e-03   7.8741210e-03  -4.3627798e-03
  -2.8507284e-01   7.6458839e-01   1.1291651e-02   2.5916659e-03   7.5963398e-03  -4.4387339e-03
  -2.9141736e-01   7.2045157e-01   5.2545584e-04   3.3842595e-03   7.7386603e-03  -4.5792365e-03
  -2.6403213e-01   8.3590988e-01   7.1055694e-02   2.5592477e-03   7.3739272e-03  -4.6882318e-03
  -2.8740441e-01   7.5820816e-01  -4.6982552e-02   2.9296076e-03   7.8296117e-03  -4.8058369e-03
  -2.6966742e-01   8.2405406e-01   4.7995091e-02   2.6702122e-03   7.6733953e-03  -4.8623397e-03
  -2.8182071e-01   7.6558851e-01  -7.2497472e-02   2.7414245e-03   7.8589049e-03  -4.7538768e-03
  -2.8665894e-01   7.6334717e-01  -2.3513079e-02   2.9052168e-03   8.0109994e-03  -4.8104251e-03
  -2.7779152e-01   8.1821047e-01  -3.1102232e-02   2.5826152e-03   7.4224338e-03  -4.7249851e-03
  -2.9162036e-01   7.2123795e-01  -5.9859922e-02   3.1710814e-03   7.8167526e-03  -4.7474299e-03
  -2.8486729e-01   8.3489720e-01   4.4207259e-02   2.5939508e-03   7.7303854e-03  -4.6602936e-03
  -2.8833794e-01   6.9349113e-01  -7.7836393e-02   3.3559010e-03   7.9669346e-03  -4.2365171e-03
  -2.8232161e-01   7.7710245e-01   2.9306079e-02   2.8430011e-03   7.8535232e-03  -4.4395691e-03
  -2.8958563e-01   7.8552457e-01  -5.9843563e-03   2.8312088e-03   7.7687955e-03  -4.5253847e-03
  -2.8991395e-01   7.8151958e-01  -2.6057257e-03   2.7590331e-03   7.7727717e-03  -4.4605888e-03
  -2.9912665e-01   7.8089871e-01   1.0081801e-02   2.7625483e-03   7.8631675e-03  -4.6811910e-03
  -3.0756485e-01   6.9392302e-01  -2.9824089e-02   3.0476973e-03   7.9902758e-03  -4.7958670e-03
  -3.0043624e-01   8.1051560e-01   3.8652458e-02   2.9397486e-03   7.8645951e-03  -4.7260375e-03
  -3.0571997e-01   7.7354499e-01  -4.7425192e-02   2.9096799e-03   8.1182400e-03  -4.7584620e-03
  -3.1207141e-01   7.1164878e-01  -2.9965113e-02   3.2726539e-03   8.2004956e-03  -4.8198726e-03
  -2.9090217e-01   8.2312110e-01   1.7034001e-02   2.4063535e-03   7.9225846e-03  -4.6366509e-03
  -3.0433699e-01   7.6616579e-01  -6.7539271e-02   2.6774744e-03   7.8959598e-03  -4.9248421e-03
  -2.7926018e-01   8.3682824e-01   2.5211083e-02   2.5902285e-03   7.4790134e-03  -4.9996486e-03
  -3.0489194e-01   7.6479099e-01  -4.7923521e-02   2.6235827e-03   7.8317022e-03  -5.0284180e-03
  -3.0639021e-01   8.0082601e-01   1.2006691e-02   2.6731548e-03   7.7217788e-03  -5.1272034e-03
  -3.0609115e-01   8.0094193e-01  -7.0167737e-02   2.5244681e-03   7.7166204e-03  -4.7120405e-03
  -3.0473686e-01   7.6973327e-01  -3.2243198e-02   2.6719993e-03   7.6869913e-03  -5.0539419e-03
  -3.0480165e-01   8.6486096e-01  -6.6805413e-02   2.3694451e-03   7.7711650e-03  -4.6188191e-03
  -3.2711876e-01   7.5058002e-01  -5.1220013e-02   3.1933970e-03   8.1459931e-03  -4.9908873e-03
  -3.1111267e-01   9.3617953e-01   2.5294872e-02   2.1514253e-03   7.5805744e-03  -4.9853217e-03
  -3.3101293e-01   7.7228731e-01  -5.9181265e-02   2.8990669e-03   7.9240601e-03  -5.1672303e-03
  -3.1598731e-01   8.9190489e-01   2.8590810e-02   2.1699023e-03   7.5931595e-03  -5.1191777e-03
  -3.2829880e-01   7.8005633e-01  -7.8059994e-02   2.8209365e-03   7.8360937e-03  -5.2828665e-03
  -3.2770887e-01   8.7296216e-01   1.1169255e-02   2.5891054e-03   7.9228912e-03  -5.0888647e-03
  -3.1941237e-01   8.4030943e-01  -7.6315103e-02   2.5297351e-03   7.7075645e-03  -5.1998015e-03
  -3.1040800e-01   8.3702116e-01  -1.4496758e-03   2.7623051e-03   7.7697183e-03  -5.2276378e-03
  -3.1730753e-01   8.0113704e-01  -4.0793197e-02   2.8246628e-03   7.9108417e-03  -5.2601123e-03
  -3.1842861e-01   7.9933370e-01   3.1941589e-02   2.8246776e-03   7.8817921e-03  -5.1186587e-03
  -3.1915496e-01   8.1423772e-01  -1.2022707e-02   2.4886059e-03   7.7689870e-03  -5.0485218e-03
  -3.1636108e-01   7.3285206e-01  -1.1335015e-02   2.9973763e-03   7.6601112e-03  -5.0868292e-03
  -3.1802960e-01   8.8327742e-01   2.8167311e-02   1.9971157e-03   7.6499436e-03  -5.0976109e-03
  -3.1815444e-01   7.6095662e-01  -6.9395437e-02   2.8865982e-03   7.6489445e-03  -4.8721948e-03
  -3.2189866e-01   8.6375123e-01   4.6886712e-02   2.3027053e-03   7.8887997e-03  -5.1119936e-03
  -3.2822957e-01   7.6489283e-01  -7.2814497e-02   2.8503476e-03   7.7884890e-03  -5.1032466e-03
  -3.3116897e-01   7.7604276e-01   1.6904537e-02   2.6304838e-03   7.7428060e-03  -5.3304048e-03
  -3.3926428e-01   8.2231687e-01  -4.2275797e-02   2.4209574e-03   7.7738957e-03  -5.4697517e-03
  -3.4355272e-01   7.4227644e-01  -3.9592304e-02   3.0970324e-03   8.0132568e-03  -5.5637859e-03
  -3.1406493e-01   8.6341301e-01  -2.2246053e-03   2.2284879e-03   7.3700336e-03  -5.4118700e-03
  -3.3559486e-01   7.5437448e-01  -6.5520477e-02   2.6215905e-03   7.9750836e-03  -5.4587887e-03
  -3.0269332e-01   8.6991154e-01   1.6445815e-02   1.7219692e-03   7.5218674e-03  -5.2781957e-03
  -3.2381734e-01   7.6464754e-01  -7.3996408e-02   2.3903140e-03   7.8950989e-03  -5.2591725e-03
  -3.0395900e-01   8.5892318e-01  -5.0838508e-03   1.9938405e-03   7.5872274e-03  -5.1080190e-03
  -3.1659666e-01   7.8225372e-01  -1.1549782e-01   2.5567649e-03   7.7157040e-03  -5.4420338e-03
  -3.0128357e-01   8.7268110e-01  -9.2138308e-03   2.0536275e-03   7.4623453e-03  -4.8735153e-03
  -3.2331550e-01   8.1480183e-01  -1.3397103e-01   2.4561853e-03   7.6916914e-03  -5.0353003e-03
  -3.4120332e-01   6.3179064e-01  -2.5591669e-01   3.2152080e-03   8.5540132e-03  -4.1990660e-03
  -3.2788530e-01   7.9675774e-01  -1.3003566e-01   3.5092239e-03   8.7347909e-03  -3.8241534e-03
  -3.5901518e-01   7.0699755e-01  -1.7847994e-01   3.4338634e-03   9.1116555e-03  -3.8136562e-03
  -3.3467394e-01   8.0584637e-01  -1.1629561e-01   2.9586246e-03   8.8211159e-03  -3.9757897e-03
  -3.4655528e-01   7.7116677e-01  -2.0016196e-01   2.8405314e-03   8.8908262e-03  -3.8856395e-03
  -3.5586894e-01   7.2444212e-01  -1.3858086e-01   3.3081840e-03   9.1335071e-03  -4.1276043e-03
  -3.4700913e-01   8.0779932e-01  -1.0267852e-01   2.8704168e-03   8.5869428e-03  -4.2468472e-03
  -3.4542474e-01   7.4758411e-01  -1.4197119e-01   3.5391747e-03   8.8562153e-03  -4.0128076e-03
  -3.6677367e-01   7.3185192e-01  -1.4052267e-01   3.4070370e-03   9.2915721e-03  -4.2596201e-03
  -3.5194918e-01   8.5189603e-01  -4.9089753e-02   2.8485118e-03   8.9140056e-03  -3.8908843e-03
  -3.5851481e-01   7.5843956e-01  -1.3487807e-01   3.5175853e-03   9.0936610e-03  -3.8349033e-03
  -3.5075319e-01   7.2115548e-01  -1.4347030e-01   3.6824358e-03   9.1475282e-03  -4.0245381e-03
  -3.6082418e-01   8.3765473e-01  -9.7066303e-02   3.0693181e-03   8.8807188e-03  -4.0015074e-03
  -3.6792556e-01   7.6342137e-01  -1.8141793e-01   3.2183136e-03   9.0146750e-03  -4.1817090e-03
  -3.6630725e-01   7.9734597e-01  -1.1197373e-01   3.4768388e-03   9.1861854e-03  -4.2278370e-03
  -3.5949452e-01   8.1280082e-01  -1.6959671e-01   3.2125230e-03   9.0378394e-03  -3.9771837e-03
  -3.4825590e-01   7.0718064e-01  -1.8416864e-01   3.7728591e-03   8.9752050e-03  -4.3418380e-03
  -3.4155573e-01   8.5520951e-01  -1.0110638e-01   3.5860258e-03   8.6664750e-03  -4.0793852e-03
  -3.5967149e-01   7.8359528e-01  -2.4634281e-01   3.5674114e-03   8.6950035e-03  -4.2503292e-03
  -3.4818462e-01   7.5127115e-01  -1.8907134e-01   4.0607991e-03   8.4922653e-03  -4.2453687e-03
  -3.5360953e-01   8.1643478e-01  -1.8444351e-01   3.7362959e-03   8.3021475e-03  -4.2946150e-03
  -3.6589791e-01   7.6925872e-01  -1.6895217e-01   4.2781535e-03   8.8792760e-03  -4.3391868e-03
  -3.5273391e-01   8.0441832e-01  -1.4282267e-01   3.8113717e-03   8.3554305e-03  -4.3582367e-03
  -3.4018144e-01   7.2939674e-01  -1.8310073e-01   3.9230214e-03   8.3953854e-03  -4.2377009e-03
  -3.4784041e-01   7.7470022e-01  -1.1199901e-01   3.7401656e-03   8.3082295e-03  -4.2692346e-03
  -3.5895937e-01   7.2950460e-01  -1.7515846e-01   4.0732676e-03   8.3216583e-03  -4.0698190e-03
  -3.7223955e-01   7.4758999e-01  -1.5075177e-01   3.9971321e-03   8.3717084e-03  -4.2700393e-03
  -3.6697832e-01   7.8499447e-01  -1.4347591e-01   4.0063381e-03   8.3412313e-03  -4.3291803e-03
  -3.6529696e-01   8.2562069e-01  -1.0626923e-01   4.0021254e-03   8.2460823e-03  -4.3744645e-03
  -3.7901539e-01   7.4064453e-01  -1.7573750e-01   3.9756423e-03   8.4747439e-03  -4.3557122e-03
  -3.7307103e-01   8.0058512e-01  -1.3546604e-01   3.5753548e-03   8.4201507e-03  -4.4113795e-03
  -3.6990473e-01   7.9481238e-01  -1.6395508e-01   3.5379065e-03   8.2405136e-03  -4.4363233e-03
  -3.8544459e-01   7.3848511e-01  -1.6579622e-01   3.9229937e-03   8.5819135e-03  -4.7748200e-03
  -3.7717638e-01   8.1231208e-01  -8.3762360e-02   3.5166452e-03   8.4543787e-03  -4.6754598e-03
  -3.7297425e-01   7.3333887e-01  -1.9123894e-01   3.7584186e-03   8.3340149e-03  -4.5314216e-03
  -3.8279944e-01   7.7412937e-01  -1.2112723e-01   3.5073142e-03   8.6860262e-03  -4.6542955e-03
  -3.6800156e-01   8.2112118e-01  -1.6051523e-01   3.5632647e-03   8.2611621e-03  -4.3425992e-03
  -3.6362134e-01   7.4419806e-01  -1.9905909e-01   4.1026078e-03   8.5556664e-03  -4.3794941e-03
  -3.4680374e-01   8.2788025e-01  -1.7748459e-01   3.6625998e-03   8.2177527e-03  -4.1597253e-03
  -3.3531373e-01   7.1195284e-01  -2.6701886e-01   4.0936930e-03   8.4611357e-03  -4.0670729e-03
  -3.3446919e-01   8.4932186e-01  -1.3514994e-01   3.7122919e-03   8.4219548e-03  -4.1055400e-03
  -3.4962418e-01   7.4114752e-01  -2.6485883e-01   4.1077828e-03   8.5061865e-03  -4.3454477e-03
  -3.3646895e-01   8.5929468e-01  -1.2599202e-01   3.3854995e-03   8.2335303e-03  -4.2677819e-03
  -3.4381450e-01   7.6070580e-01  -2.4978482e-01   3.7765998e-03   8.3840030e-03  -4.1855388e-03
  -3.4317661e-01   8.1478821e-01  -1.4096387e-01   3.5453008e-03   8.5023628e-03  -4.3326396e-03
  -3.4689543e-01   7.7232651e-01  -2.5127478e-01   3.7331616e-03   8.5040227e-03  -4.3165116e-03
  -3.4063862e-01   7.8450911e-01  -1.7629232e-01   3.7538524e-03   8.2833170e-03  -4.5007063e-03
  -3.5613153e-01   8.1998083e-01  -2.3472020e-01   3.4353644e-03   8.4585997e-03  -4.6131746e-03
  -3.5500391e-01   7.3625839e-01  -2.3166929e-01   3.9295270e-03   8.3678968e-03  -4.7447888e-03
  -3.5120669e-01   8.4903846e-01  -1.2018098e-01   3.6508262e-03   8.2431003e-03  -4.7102972e-03
  -3.5856379e-01   7.5376357e-01  -2.0253903e-01   4.1354447e-03   8.3374299e-03  -4.6267829e-03
  -3.6514607e-01   7.7300465e-01  -1.2823224e-01   3.8563706e-03   8.4616564e-03  -4.7046435e-03
  -3.5021905e-01   8.3083861e-01  -1.1748783e-01   3.3515165e-03   8.1280457e-03  -4.6178670e-03
  -3.6500184e-01   7.1893996e-01  -2.2200598e-01   3.9704018e-03   8.3538095e-03  -4.8162696e-03
  -3.5010806e-01   8.4390377e-01  -9.8344625e-02   3.4098330e-03   7.9664587e-03  -4.7511884e-03
  -3.7532278e-01   7.3669325e-01  -2.1180379e-01   4.2040790e-03   8.4223322e-03  -4.9075242e-03
  -3.6958808e-01   8.2053614e-01  -9.7409961e-02   3.6848812e-03   8.0430395e-03  -4.7466224e-03
  -3.6543196e-01   8.0103731e-01  -1.6752248e-01   3.5453550e-03   8.2820182e-03  -4.7537121e-03
  -3.6086615e-01   8.0090634e-01  -1.7301975e-01   3.0796728e-03   8.2549910e-03  -4.5583263e-03
  -3.5972136e-01   8.0419288e-01  -1.9811151e-01   3.1693908e-03   8.1969960e-03  -4.6330361e-03
  -3.6224407e-01   7.8798137e-01  -1.6758300e-01   3.2522179e-03   8.3034585e-03  -4.5606341e-03
  -3.5540674e-01   8.3241027e-01  -1.9328024e-01   3.1194883e-03   8.2053333e-03  -4.5146634e-03
  -3.6740174e-01   7.5590642e-01  -1.8309719e-01   3.7072364e-03   8.3113432e-03  -4.5794629e-03
  -3.7328188e-01   8.4433945e-01  -1.7704224e-01   3.2767947e-03   8.2789807e-03  -4.4891639e-03
  -3.7021046e-01   7.0824754e-01  -1.8896218e-01   4.1577496e-03   8.3222767e-03  -4.6345486e-03
  -3.6514995e-01   8.5393301e-01  -8.4817705e-02   3.5218165e-03   8.1600502e-03  -4.5559187e-03
  -3.7617811e-01   7.7187789e-01  -2.3929442e-01   3.5605714e-03   8.5495772e-03  -4.5790110e-03
  -3.7779827e-01   7.9718791e-01  -1.3810154e-01   3.7702698e-03   8.6120685e-03  -4.7079403e-03
  -3.6905501e-01   8.8400117e-01  -1.8177992e-01   3.3552809e-03   8.2211101e-03  -4.3122836e-03
  -3.6255790e-01   7.7078215e-01  -2.2554274e-01   3.8747275e-03   8.2489490e-03  -4.3855155e-03
  -3.6862282e-01   8.3023987e-01  -1.6165193e-01   3.4560813e-03   8.4636682e-03  -4.4711546e-03
  -3.6049297e-01   9.0872252e-01  -1.7814305e-01   2.8128459e-03   7.9941867e-03  -4.3405862e-03
  -3.7075985e-01   7.4696898e-01  -2.2055520e-01   3.7351596e-03   8.4843248e-03  -4.4645256e-03
  -3.6988352e-01   8.1103354e-01  -1.3971603e-01   3.5558879e-03   8.2256102e-03  -4.5943757e-03
  -3.7195150e-01   8.8812282e-01  -1.7262991e-01   3.0168950e-03   8.0567749e-03  -4.3285082e-03
  -3.6549252e-01   7.2500126e-01  -2.3646976e-01   3.9746563e-03   8.4938373e-03  -4.2148234e-03
  -3.6197708e-01   8.1363439e-01  -1.4161528e-01   3.5832065e-03   8.3919619e-03  -4.3142954e-03
  -3.7190641e-01   8.6369770e-01  -2.1284551e-01   3.2755391e-03   8.2162101e-03  -4.1271422e-03
  -3.7610854e-01   7.3881218e-01  -2.2275370e-01   4.0765125e-03   8.6739404e-03  -4.0561789e-03
  -3.7259929e-01   8.3881307e-01  -1.4135151e-01   3.8877969e-03   8.5552037e-03  -4.2012155e-03
  -3.8824937e-01   8.4009498e-01  -1.8894392e-01   3.9119694e-03   8.4862703e-03  -3.9017062e-03
  -3.9216452e-01   7.3882132e-01  -2.0998082e-01   4.2854448e-03   8.5741697e-03  -4.0761278e-03
  -3.8550199e-01   8.7144348e-01  -1.4670847e-01   3.7032353e-03   8.5752478e-03  -4.1384043e-03
  -3.8460044e-01   8.7715223e-01  -1.9928958e-01   3.5770024e-03   8.3925062e-03  -3.8208008e-03
  -3.9159491e-01   7.6621636e-01  -1.8860412e-01   3.8028571e-03   8.4964534e-03  -3.9409068e-03
  -4.0099697e-01   8.0180488e-01  -1.4714261e-01   4.1648486e-03   8.8279426e-03  -4.1463470e-03
  -4.0362477e-01   8.7439937e-01  -1.1342348e-01   3.5375379e-03   8.5485055e-03  -4.0890363e-03
  -4.0691156e-01   7.7620006e-01  -1.8989273e-01   4.1629861e-03   8.4826471e-03  -4.0178534e-03
  -3.9662977e-01   8.6525955e-01  -1.0231726e-01   3.6365914e-03   8.4403486e-03  -4.0304388e-03
  -4.0413660e-01   8.1409202e-01  -2.0320379e-01   3.8633637e-03   8.6570847e-03  -4.0201245e-03
  -4.0389924e-01   8.3339562e-01  -1.3216179e-01   4.0674084e-03   8.5468666e-03  -4.1380538e-03
  -3.9467332e-01   8.4767037e-01  -1.7836864e-01   3.7831977e-03   8.1976139e-03  -4.2748313e-03
  -4.0074940e-01   7.6455117e-01  -1.7376305e-01   4.4939586e-03   8.2455180e-03  -4.6525573e-03
  -4.1056442e-01   9.0579274e-01  -7.8518546e-02   3.6617442e-03   8.1449042e-03  -4.6734626e-03
  -4.1961241e-01   7.9854415e-01  -1.5206224e-01   4.0795178e-03   8.2467975e-03  -5.0881968e-03
  -4.3138954e-01   7.5111271e-01  -1.7918943e-01   4.4906440e-03   8.6413596e-03  -4.8890579e-03
  -4.2817411e-01   8.2077509e-01  -1.5213917e-01   3.9455673e-03   8.4203346e-03  -4.6861077e-03
  -4.2548627e-01   8.0957203e-01  -1.9866375e-01   3.9147453e-03   8.2409793e-03  -4.8021979e-03
  -4.2633930e-01   8.2021447e-01  -1.4023637e-01   4.1706116e-03   8.5729429e-03  -4.6907943e-03
  -4.1600379e-01   8.1369385e-01  -1.6698966e-01   3.9749680e-03   8.3547219e-03  -4.6837818e-03
  -4.0927819e-01   6.9172702e-01  -1.8299099e-01   4.6469601e-03   8.4918408e-03  -4.8875156e-03
  -4.1115454e-01   8.6793834e-01  -1.1228599e-01   3.7997063e-03   8.3353245e-03  -4.8094151e-03
  -4.1461597e-01   7.5109006e-01  -1.9002091e-01   4.4023712e-03   8.4162332e-03  -5.1397149e-03
  -4.3025858e-01   8.4189660e-01  -1.1730777e-01   4.1895813e-03   8.6797442e-03  -5.2104171e-03
  -4.2101889e-01   7.9493274e-01  -2.1944983e-01   4.5178191e-03   8.6200943e-03  -4.4583355e-03
  -4.2190522e-01   7.9074977e-01  -1.8314186e-01   4.5263393e-03   8.6870244e-03  -4.6782580e-03
  -4.2101194e-01   8.7273648e-01  -1.3856435e-01   3.9137386e-03   8.5151253e-03  -4.5686432e-03
  -4.1998016e-01   7.9140695e-01  -2.1141581e-01   4.3381533e-03   8.5325151e-03  -4.6599749e-03
  -4.1083331e-01   7.7574401e-01  -1.6500659e-01   4.2728176e-03   8.6091899e-03  -4.7337613e-03
  -4.1767178e-01   8.3031160e-01  -1.4988135e-01   3.9114299e-03   8.5453898e-03  -4.7066251e-03
  -4.1332496e-01   7.7454774e-01  -2.0566735e-01   4.1871836e-03   8.3196314e-03  -4.6272863e-03
  -4.2538453e-01   8.2566692e-01  -1.6942801e-01   3.8710310e-03   8.7495071e-03  -4.6092106e-03
  -4.2324039e-01   8.3219358e-01  -1.1533496e-01   3.8385856e-03   8.4767724e-03  -4.6628166e-03
  -4.2156266e-01   8.0088680e-01  -1.7826012e-01   3.9193366e-03   8.1542579e-03  -4.8509631e-03
  -4.3265868e-01   7.6819135e-01  -1.5156024e-01   4.2291435e-03   8.5391421e-03  -4.8441497e-03
  -4.1169099e-01   9.6010427e-01  -9.4368639e-02   2.9364914e-03   7.9317410e-03  -4.3698589e-03
  -4.1647591e-01   7.5780463e-01  -1.9787784e-01   4.1859768e-03   8.3319195e-03  -4.3052118e-03
  -4.2096317e-01   8.2877536e-01  -1.4088426e-01   3.6776084e-03   8.5316386e-03  -4.1370551e-03
  -4.0479283e-01   8.1893135e-01  -2.2141909e-01   3.9874891e-03   8.1328519e-03  -3.8254429e-03
  -4.1198536e-01   7.7036335e-01  -1.4208218e-01   4.3028116e-03   8.6093162e-03  -3.9116682e-03
  -3.9909630e-01   8.5494772e-01  -1.5458903e-01   3.9919175e-03   8.1189819e-03  -3.8897711e-03
  -3.7112502e-01   7.2982933e-01  -2.1924377e-01   4.9467709e-03   8.4085377e-03  -3.3930480e-03
  -3.8619722e-01   8.7137039e-01  -6.7461430e-02   3.8418526e-03   8.4590151e-03  -3.5251958e-03
  -4.0476065e-01   7.9668959e-01  -1.8991131e-01   4.4213294e-03   8.6300845e-03  -3.8299695e-03
  -3.9573032e-01   8.0862236e-01  -1.0026361e-01   4.5125096e-03   8.4302183e-03  -3.9910417e-03
  -4.0035273e-01   8.7279308e-01  -7.9552922e-02   3.8295642e-03   8.2295424e-03  -4.1290555e-03
  -4.0989169e-01   7.9239378e-01  -1.3911279e-01   4.6363791e-03   8.7031964e-03  -4.0740841e-03
  -3.9043548e-01   8.7975466e-01  -6.8090680e-02   3.7708167e-03   8.0679758e-03  -3.9502736e-03
  -3.8966148e-01   7.7994377e-01  -2.1235824e-01   4.4494568e-03   8.2675892e-03  -3.8658163e-03
  -3.9182981e-01   8.1600683e-01  -1.1650131e-01   4.1947521e-03   8.4088742e-03  -3.9443148e-03
  -3.9445631e-01   8.4805038e-01  -1.4767838e-01   4.1600360e-03   8.2486408e-03  -4.0621732e-03
  -3.7973690e-01   7.7513904e-01  -1.6799475e-01   4.6104302e-03   8.2804200e-03  -3.9995395e-03
  -3.7094755e-01   8.9383201e-01  -5.1173829e-02   3.7978347e-03   8.1459229e-03  -4.0722425e-03
  -3.6687600e-01   8.0194229e-01  -1.7955137e-01   4.3838378e-03   8.4149191e-03  -3.9021361e-03
  -3.5678890e-01   8.1234515e-01  -1.4005030e-01   4.3073021e-03   8.3167679e-03  -4.0825453e-03
  -3.5576481e-01   8.9920085e-01  -1.6152091e-01   3.8694823e-03   8.0113163e-03  -3.7707434e-03
  -3.6131418e-01   7.3713706e-01  -2.2581552e-01   4.7112447e-03   8.3970466e-03  -3.7133380e-03
  -3.5664757e-01   8.8524058e-01  -1.0825268e-01   4.1383269e-03   8.1306031e-03  -3.7345892e-03
  -3.6651385e-01   7.7343899e-01  -2.4529528e-01   4.8077560e-03   8.2979044e-03  -3.6988250e-03
  -3.6172653e-01   8.2898325e-01  -1.3369674e-01   4.4863863e-03   8.3862331e-03  -3.7705507e-03
  -3.5962235e-01   8.3861092e-01  -2.0068310e-01   4.2662330e-03   8.2701251e-03  -3.7977482e-03
  -3.6749335e-01   8.0937740e-01  -1.2461954e-01   4.6631576e-03   8.6251216e-03  -3.8017465e-03
  -3.5416556e-01   8.3986009e-01  -2.0324011e-01   4.1526810e-03   8.2478839e-03  -3.5697340e-03
  -3.5701023e-01   7.6881754e-01  -1.5375453e-01   4.4180935e-03   8.3896695e-03  -3.5213483e-03
  -3.4841571e-01   8.9504641e-01  -1.2378744e-01   3.8542425e-03   7.9380770e-03  -3.4227838e-03
  -3.4917735e-01   7.3386998e-01  -1.8220067e-01   4.7429252e-03   8.3233810e-03  -3.3777025e-03
  -3.5372408e-01   8.7375260e-01  -3.6776707e-02   4.0914313e-03   8.1862868e-03  -3.3044061e-03
  -3.5779236e-01   8.0799188e-01  -1.8029215e-01   4.3738423e-03   7.9844395e-03  -3.3660676e-03
  -3.6786166e-01   7.9154258e-01  -1.0054688e-01   4.7946184e-03   8.4641067e-03  -3.5417831e-03
  -3.4965530e-01   8.8254439e-01  -8.7333948e-02   4.1665049e-03   8.0481405e-03  -3.3208136e-03
  -3.5436273e-01   7.6208357e-01  -1.2518607e-01   4.9233541e-03   8.2673783e-03  -3.5028650e-03
  -3.5863273e-01   8.5246428e-01  -2.7860042e-02   4.5190660e-03   8.1814782e-03  -3.4678698e-03
  -3.8300492e-01   8.0100435e-01  -1.4110920e-01   4.7138204e-03   8.3311045e-03  -3.4839231e-03
  -3.8317811e-01   7.4348316e-01  -8.2341260e-02   5.1575170e-03   8.3638664e-03  -3.5541250e-03
  -3.6530081e-01   8.5372554e-01  -7.4186712e-02   4.5375195e-03   7.9639992e-03  -3.5045034e-03
  -3.6113361e-01   7.3110025e-01  -1.6047639e-01   5.1791909e-03   8.1151185e-03  -3.3113171e-03
  -3.5280021e-01   8.4653001e-01  -2.9909177e-02   4.7140538e-03   7.9441729e-03  -3.2868930e-03
  -3.7610465e-01   7.8936121e-01  -1.1278748e-01   4.9559258e-03   8.0458216e-03  -3.3960871e-03
  -3.8453461e-01   7.6083430e-01  -8.5629762e-02   5.1304204e-03   8.4566584e-03  -3.4493673e-03
  -3.6840518e-01   8.5778754e-01  -3.8861321e-02   4.4269594e-03   7.9233428e-03  -3.5611715e-03
  -3.8184654e-01   7.5942602e-01  -1.1568929e-01   5.0599408e-03   8.3062400e-03  -3.8237089e-03
  -3.8677676e-01   7.7821497e-01  -5.0233690e-02   5.0190946e-03   8.3548877e-03  -3.7586043e-03
  -3.8198540e-01   7.9945001e-01  -1.0110986e-01   4.6836544e-03   8.1069074e-03  -3.6603082e-03
  -3.7563299e-01   7.5797080e-01  -1.3305199e-01   4.9217728e-03   8.1514333e-03  -3.5681786e-03
  -3.6516477e-01   8.7470027e-01  -4.1930202e-02   4.2298739e-03   7.9919913e-03  -3.6443651e-03
  -3.7882814e-01   7.5996507e-01  -1.5681799e-01   4.8063355e-03   8.3132306e-03  -3.6513492e-03
  -3.7060864e-01   8.5506928e-01  -4.5182935e-02   4.5341363e-03   8.0679604e-03  -3.4863224e-03
  -3.7777624e-01   7.8304857e-01  -1.6433361e-01   5.0743443e-03   7.9555150e-03  -3.6429467e-03
  -3.8523609e-01   8.2270976e-01  -3.5734909e-02   4.6719447e-03   7.7019555e-03  -3.8599066e-03
  -3.8903593e-01   8.5102961e-01  -9.4226884e-02   4.3629462e-03   7.5595628e-03  -4.1673888e-03
  -3.8314020e-01   7.6809217e-01  -1.3041919e-01   4.9026335e-03   7.7392809e-03  -4.2490677e-03
  -3.8676074e-01   8.9453032e-01  -2.4975841e-02   4.0375047e-03   7.4588239e-03  -4.2666178e-03
  -3.9842587e-01   8.0991329e-01  -1.0537269e-01   4.4032509e-03   7.6234870e-03  -4.4406472e-03
  -3.9227100e-01   8.1846497e-01  -6.4503744e-02   4.6660073e-03   7.7930266e-03  -4.3766058e-03
  -3.7493520e-01   8.7344510e-01  -4.1264686e-02   4.3614984e-03   7.4851861e-03  -4.2619330e-03
  -3.8955351e-01   7.7324442e-01  -9.5937019e-02   4.6900256e-03   7.9124863e-03  -4.4198979e-03
  -3.8030527e-01   8.9119964e-01  -5.4108323e-02   4.1158588e-03   7.8490310e-03  -4.2224081e-03
  -3.8946470e-01   8.1501582e-01  -1.3124439e-01   4.5190358e-03   7.8989142e-03  -4.1602226e-03
  -3.8714306e-01   7.9080864e-01  -6.3017253e-02   4.5905328e-03   7.8926666e-03  -4.3545898e-03
  -3.8203681e-01   8.6694989e-01  -7.6852347e-02   4.3254157e-03   7.7812185e-03  -4.2260340e-03
  -3.8078131e-01   7.7900998e-01  -1.0663118e-01   4.4711603e-03   7.7416984e-03  -4.2374746e-03
  -3.7158100e-01   9.0952557e-01  -5.2242786e-02   4.0448576e-03   7.5159701e-03  -4.1116417e-03
  -3.8179161e-01   8.1143424e-01  -1.6947979e-01   4.4481481e-03   7.7431833e-03  -4.0327545e-03
  -3.7833393e-01   8.2359417e-01  -8.7361959e-02   4.8643341e-03   7.8430371e-03  -4.2168523e-03
  -3.7873065e-01   9.0285618e-01  -5.0592624e-02   4.4418753e-03   7.8624800e-03  -4.2669164e-03
  -3.7730008e-01   8.2452047e-01  -5.8576246e-02   4.6397658e-03   8.1211692e-03  -4.6570602e-03
  -3.6714944e-01   8.8979393e-01   1.5897904e-02   4.2917113e-03   7.7495402e-03  -4.5722340e-03
  -3.7283159e-01   8.4443154e-01  -9.2262181e-02   4.3364596e-03   8.0355391e-03  -4.5812141e-03
  -3.6478494e-01   8.4283857e-01  -3.5906615e-02   4.2666270e-03   7.8244554e-03  -4.4840863e-03
  -3.7432498e-01   8.6160984e-01  -6.8293221e-02   4.3293371e-03   8.0702167e-03  -4.3898048e-03
  -3.7904579e-01   8.0405408e-01  -8.4619990e-02   4.4337851e-03   8.0560476e-03  -4.3368944e-03
  -3.6856457e-01   8.8952447e-01  -2.0103846e-03   4.1235100e-03   7.6963036e-03  -4.4619118e-03
  -3.7802720e-01   7.8637500e-01  -1.0488371e-01   4.4233196e-03   8.1738415e-03  -4.1815402e-03
  -3.7101875e-01   8.9675374e-01  -2.5692904e-02   3.9796500e-03   7.9360017e-03  -3.8387401e-03
  -3.6516647e-01   8.0949844e-01  -1.5943685e-01   4.3522147e-03   7.9518988e-03  -3.9342435e-03
  -3.5162135e-01   8.9654518e-01  -3.3752102e-02   4.1282234e-03   7.9940756e-03  -3.8089686e-03
  -3.4484601e-01   8.1877978e-01  -1.5191478e-01   4.4759998e-03   8.1050873e-03  -3.6663301e-03
  -3.3577835e-01   8.7264647e-01  -1.1724826e-02   4.0054975e-03   8.1351175e-03  -3.6576301e-03
  -3.4085830e-01   8.1382081e-01  -1.2259812e-01   4.3063488e-03   7.9975465e-03  -3.4344702e-03
  -3.3020929e-01   8.7635607e-01  -7.1279591e-03   3.7861452e-03   7.9142271e-03  -3.4922138e-03
  -3.3631858e-01   8.4384186e-01  -1.1536813e-01   4.0689595e-03   7.7496478e-03  -3.4769693e-03
  -3.2854561e-01   8.5163983e-01  -2.7583873e-02   4.2552391e-03   7.9652782e-03  -3.3575939e-03
  -3.2717506e-01   8.4915373e-01  -1.0968980e-01   4.1309829e-03   7.8027701e-03  -3.4446174e-03
  -3.2855566e-01   8.4082440e-01  -2.1714891e-02   4.1436659e-03   7.7534008e-03  -3.4966576e-03
  -3.3572258e-01   8.8040396e-01  -1.2069741e-01   3.8109272e-03   7.7750148e-03  -3.4097150e-03
  -3.3097757e-01   8.1016602e-01  -1.1729204e-01   4.2945230e-03   7.9220466e-03  -3.2735123e-03
  -3.2611084e-01   9.3822135e-01  -1.1308855e-01   3.5212263e-03   7.6947701e-03  -3.3895939e-03
  -3.1298989e-01   8.0124532e-01  -1.7058582e-01   4.1510590e-03   7.9757732e-03  -3.2880389e-03
  -3.0043056e-01   9.4824750e-01  -3.6191057e-02   3.5105534e-03   7.5975720e-03  -3.3710241e-03
  -3.1027883e-01   7.7514309e-01  -1.6554171e-01   4.1855368e-03   7.7648153e-03  -3.0185366e-03
  -3.2094960e-01   8.9545453e-01   1.4042634e-02   4.2258634e-03   7.8696221e-03  -3.1549326e-03
  -3.0967151e-01   8.1317800e-01  -1.4327475e-01   4.2561203e-03   7.7954995e-03  -2.9076952e-03
  -2.9450053e-01   8.5021746e-01  -6.5884262e-02   3.6489920e-03   7.6888201e-03  -3.0853505e-03
  -2.8118968e-01   8.7278633e-01  -1.3335022e-01   3.4604236e-03   7.4973724e-03  -3.1947632e-03
  -2.9314968e-01   8.5212107e-01  -1.1349658e-01   3.7615532e-03   7.7463866e-03  -3.1615336e-03
  -2.8484873e-01   8.8075234e-01  -1.4926565e-01   3.7003933e-03   7.2482938e-03  -3.1511313e-03
  -2.9325460e-01   8.5452676e-01  -1.1610252e-01   3.8596152e-03   7.4903848e-03  -3.1607227e-03
  -2.9174562e-01   9.0187091e-01  -1.3646629e-01   3.4953518e-03   7.3300504e-03  -3.0400735e-03
  -2.9820617e-01   7.7237382e-01  -1.6231907e-01   4.2774474e-03   7.7245040e-03  -3.1871257e-03
